 &plot nbnd=   8, nks=    91 /
            0.500000  0.500000  0.500000
   -3.687   -1.013    4.600    4.600    7.146    9.118    9.118   13.438
            0.475000  0.475000  0.475000
   -3.720   -0.965    4.605    4.605    7.151    9.123    9.123   13.445
            0.450000  0.450000  0.450000
   -3.812   -0.828    4.618    4.618    7.166    9.136    9.136   13.465
            0.425000  0.425000  0.425000
   -3.947   -0.618    4.640    4.640    7.192    9.157    9.157   13.495
            0.400000  0.400000  0.400000
   -4.110   -0.351    4.670    4.670    7.228    9.184    9.184   13.528
            0.375000  0.375000  0.375000
   -4.287   -0.040    4.710    4.710    7.274    9.213    9.213   13.547
            0.350000  0.350000  0.350000
   -4.468    0.304    4.758    4.758    7.329    9.242    9.242   13.518
            0.325000  0.325000  0.325000
   -4.648    0.676    4.814    4.814    7.394    9.264    9.264   13.379
            0.300000  0.300000  0.300000
   -4.822    1.069    4.878    4.878    7.467    9.273    9.273   13.105
            0.275000  0.275000  0.275000
   -4.987    1.481    4.950    4.950    7.549    9.264    9.264   12.738
            0.250000  0.250000  0.250000
   -5.141    1.908    5.029    5.029    7.638    9.231    9.231   12.327
            0.225000  0.225000  0.225000
   -5.284    2.348    5.114    5.114    7.733    9.169    9.169   11.895
            0.200000  0.200000  0.200000
   -5.413    2.799    5.204    5.204    7.832    9.081    9.081   11.451
            0.175000  0.175000  0.175000
   -5.528    3.256    5.297    5.297    7.933    8.970    8.970   11.001
            0.150000  0.150000  0.150000
   -5.628    3.715    5.392    5.392    8.033    8.844    8.844   10.550
            0.125000  0.125000  0.125000
   -5.714    4.172    5.485    5.485    8.128    8.712    8.712   10.102
            0.100000  0.100000  0.100000
   -5.785    4.617    5.572    5.572    8.214    8.585    8.585    9.668
            0.075000  0.075000  0.075000
   -5.840    5.035    5.648    5.648    8.283    8.472    8.472    9.263
            0.050000  0.050000  0.050000
   -5.879    5.399    5.709    5.709    8.325    8.382    8.382    8.921
            0.025000  0.025000  0.025000
   -5.903    5.662    5.748    5.748    8.324    8.325    8.325    8.699
            0.000000  0.000000  0.000000
   -5.911    5.761    5.761    5.761    8.305    8.305    8.305    8.632
            0.033333  0.000000  0.000000
   -5.906    5.725    5.741    5.741    8.293    8.331    8.331    8.668
            0.066667  0.000000  0.000000
   -5.892    5.620    5.684    5.684    8.259    8.406    8.406    8.770
            0.100000  0.000000  0.000000
   -5.868    5.461    5.595    5.595    8.204    8.523    8.523    8.924
            0.133333  0.000000  0.000000
   -5.836    5.260    5.483    5.483    8.131    8.676    8.676    9.112
            0.166667  0.000000  0.000000
   -5.794    5.031    5.353    5.353    8.042    8.857    8.857    9.317
            0.200000  0.000000  0.000000
   -5.742    4.781    5.213    5.213    7.942    9.060    9.060    9.520
            0.233333  0.000000  0.000000
   -5.682    4.518    5.067    5.067    7.833    9.281    9.281    9.702
            0.266667  0.000000  0.000000
   -5.612    4.246    4.919    4.919    7.718    9.515    9.515    9.835
            0.300000  0.000000  0.000000
   -5.533    3.966    4.769    4.769    7.600    9.760    9.760    9.891
            0.333333  0.000000  0.000000
   -5.444    3.683    4.622    4.622    7.481    9.856   10.014   10.014
            0.366667  0.000000  0.000000
   -5.347    3.395    4.478    4.478    7.364    9.738   10.276   10.276
            0.400000  0.000000  0.000000
   -5.241    3.106    4.338    4.338    7.249    9.563   10.544   10.544
            0.433333  0.000000  0.000000
   -5.126    2.816    4.203    4.203    7.137    9.353   10.818   10.818
            0.466667  0.000000  0.000000
   -5.001    2.524    4.074    4.074    7.031    9.126   11.096   11.096
            0.500000  0.000000  0.000000
   -4.869    2.232    3.951    3.951    6.932    8.894   11.378   11.378
            0.533333  0.000000  0.000000
   -4.727    1.941    3.834    3.834    6.839    8.662   11.664   11.664
            0.566667  0.000000  0.000000
   -4.577    1.650    3.725    3.725    6.753    8.435   11.953   11.953
            0.600000  0.000000  0.000000
   -4.419    1.359    3.623    3.623    6.676    8.217   12.245   12.245
            0.633333  0.000000  0.000000
   -4.252    1.070    3.528    3.528    6.608    8.008   12.539   12.539
            0.666667  0.000000  0.000000
   -4.077    0.783    3.441    3.441    6.549    7.811   12.836   12.836
            0.700000  0.000000  0.000000
   -3.894    0.497    3.362    3.362    6.500    7.626   13.134   13.134
            0.733333  0.000000  0.000000
   -3.704    0.214    3.291    3.291    6.461    7.454   13.435   13.435
            0.766667  0.000000  0.000000
   -3.505   -0.066    3.228    3.228    6.433    7.295   13.737   13.737
            0.800000  0.000000  0.000000
   -3.300   -0.344    3.173    3.173    6.415    7.149   14.039   14.039
            0.833333  0.000000  0.000000
   -3.087   -0.618    3.127    3.127    6.409    7.016   14.340   14.340
            0.866667  0.000000  0.000000
   -2.867   -0.888    3.089    3.089    6.414    6.898   14.638   14.638
            0.900000  0.000000  0.000000
   -2.640   -1.153    3.059    3.059    6.431    6.792   14.927   14.927
            0.933333  0.000000  0.000000
   -2.407   -1.415    3.038    3.038    6.460    6.700   15.194   15.194
            0.966667  0.000000  0.000000
   -2.167   -1.671    3.025    3.025    6.501    6.620   15.408   15.408
            1.000000  0.000000  0.000000
   -1.922   -1.922    3.021    3.021    6.554    6.554   15.499   15.499
            1.000000  0.025000  0.025000
   -1.924   -1.916    2.986    3.025    6.559    6.607   15.445   15.466
            1.000000  0.050000  0.050000
   -1.932   -1.899    2.888    3.038    6.574    6.759   15.298   15.373
            1.000000  0.075000  0.075000
   -1.946   -1.870    2.744    3.059    6.598    6.994   15.083   15.231
            1.000000  0.100000  0.100000
   -1.966   -1.830    2.571    3.088    6.631    7.295   14.826   15.052
            1.000000  0.125000  0.125000
   -1.996   -1.778    2.388    3.126    6.674    7.646   14.544   14.847
            1.000000  0.150000  0.150000
   -2.036   -1.715    2.205    3.171    6.727    8.037   14.248   14.625
            1.000000  0.175000  0.175000
   -2.088   -1.640    2.035    3.225    6.788    8.459   13.946   14.392
            1.000000  0.200000  0.200000
   -2.155   -1.554    1.884    3.286    6.858    8.905   13.643   14.153
            1.000000  0.225000  0.225000
   -2.238   -1.456    1.757    3.355    6.937    9.372   13.341   13.912
            1.000000  0.250000  0.250000
   -2.337   -1.347    1.658    3.431    7.024    9.856   13.042   13.578
            0.966667  0.241667  0.241667
   -2.340   -1.350    1.701    3.409    7.000    9.699   13.075   13.402
            0.933333  0.233333  0.233333
   -2.420   -1.277    1.769    3.395    6.987    9.555   13.007   13.182
            0.900000  0.225000  0.225000
   -2.558   -1.145    1.860    3.390    6.986    9.425   12.890   12.963
            0.866667  0.216667  0.216667
   -2.729   -0.977    1.970    3.394    6.996    9.311   12.745   12.751
            0.833333  0.208333  0.208333
   -2.917   -0.785    2.096    3.407    7.017    9.212   12.529   12.604
            0.800000  0.200000  0.200000
   -3.113   -0.576    2.236    3.429    7.047    9.131   12.314   12.454
            0.766667  0.191667  0.191667
   -3.312   -0.354    2.388    3.460    7.086    9.069   12.102   12.303
            0.733333  0.183333  0.183333
   -3.511   -0.122    2.549    3.500    7.131    9.026   11.893   12.151
            0.700000  0.175000  0.175000
   -3.706    0.119    2.718    3.549    7.181    9.006   11.686   11.999
            0.666667  0.166667  0.166667
   -3.897    0.370    2.894    3.607    7.234    9.009   11.482   11.845
            0.633333  0.158333  0.158333
   -4.082    0.628    3.075    3.674    7.289    9.037   11.282   11.688
            0.600000  0.150000  0.150000
   -4.261    0.894    3.259    3.750    7.343    9.089   11.086   11.527
            0.566667  0.141667  0.141667
   -4.432    1.167    3.446    3.835    7.397    9.164   10.897   11.359
            0.533333  0.133333  0.133333
   -4.596    1.447    3.634    3.928    7.449    9.259   10.717   11.184
            0.500000  0.125000  0.125000
   -4.751    1.733    3.822    4.029    7.501    9.364   10.553   11.001
            0.466667  0.116667  0.116667
   -4.897    2.026    4.009    4.138    7.552    9.465   10.415   10.807
            0.433333  0.108333  0.108333
   -5.034    2.324    4.194    4.255    7.605    9.532   10.326   10.605
            0.400000  0.100000  0.100000
   -5.161    2.628    4.376    4.378    7.661    9.530   10.310   10.393
            0.366667  0.091667  0.091667
   -5.280    2.937    4.508    4.553    7.719    9.457   10.174   10.355
            0.333333  0.083333  0.083333
   -5.388    3.249    4.644    4.725    7.781    9.341    9.950   10.402
            0.300000  0.075000  0.075000
   -5.487    3.564    4.784    4.891    7.847    9.207    9.723   10.389
            0.266667  0.066667  0.066667
   -5.575    3.880    4.927    5.048    7.914    9.069    9.497   10.278
            0.233333  0.058333  0.058333
   -5.653    4.195    5.072    5.195    7.984    8.933    9.275   10.074
            0.200000  0.050000  0.050000
   -5.721    4.505    5.215    5.330    8.053    8.803    9.062    9.814
            0.166667  0.041667  0.041667
   -5.779    4.807    5.353    5.452    8.119    8.682    8.862    9.531
            0.133333  0.033333  0.033333
   -5.826    5.093    5.481    5.557    8.180    8.573    8.681    9.252
            0.100000  0.025000  0.025000
   -5.863    5.351    5.594    5.644    8.232    8.477    8.527    9.000
            0.066667  0.016667  0.016667
   -5.890    5.565    5.683    5.708    8.272    8.394    8.408    8.799
            0.033333  0.008333  0.008333
   -5.905    5.709    5.741    5.748    8.297    8.331    8.331    8.674
            0.000000  0.000000  0.000000
   -5.911    5.761    5.761    5.761    8.305    8.305    8.305    8.632
