#  E (eV)   dos(E)     Int dos(E) EFermi =    6.132 eV
  -9.000  0.1249E-83  0.1249E-85
  -8.990  0.1249E-83  0.2498E-85
  -8.980  0.1249E-83  0.3748E-85
  -8.970  0.1249E-83  0.4997E-85
  -8.960  0.1249E-83  0.6246E-85
  -8.950  0.1249E-83  0.7495E-85
  -8.940  0.1249E-83  0.8745E-85
  -8.930  0.1249E-83  0.9994E-85
  -8.920  0.1249E-83  0.1124E-84
  -8.910  0.1249E-83  0.1249E-84
  -8.900  0.1249E-83  0.1374E-84
  -8.890  0.1249E-83  0.1499E-84
  -8.880  0.1249E-83  0.1624E-84
  -8.870  0.1249E-83  0.1749E-84
  -8.860  0.1249E-83  0.1874E-84
  -8.850  0.1249E-83  0.1999E-84
  -8.840  0.1249E-83  0.2124E-84
  -8.830  0.1249E-83  0.2249E-84
  -8.820  0.1249E-83  0.2374E-84
  -8.810  0.1249E-83  0.2498E-84
  -8.800  0.1249E-83  0.2623E-84
  -8.790  0.1249E-83  0.2748E-84
  -8.780  0.1249E-83  0.2873E-84
  -8.770  0.1249E-83  0.2998E-84
  -8.760  0.1249E-83  0.3123E-84
  -8.750  0.1249E-83  0.3248E-84
  -8.740  0.1249E-83  0.3373E-84
  -8.730  0.1249E-83  0.3498E-84
  -8.720  0.1249E-83  0.3623E-84
  -8.710  0.1249E-83  0.3748E-84
  -8.700  0.1249E-83  0.3873E-84
  -8.690  0.1249E-83  0.3998E-84
  -8.680  0.1249E-83  0.4123E-84
  -8.670  0.1249E-83  0.4247E-84
  -8.660  0.1249E-83  0.4372E-84
  -8.650  0.1249E-83  0.4497E-84
  -8.640  0.1249E-83  0.4622E-84
  -8.630  0.1249E-83  0.4747E-84
  -8.620  0.1249E-83  0.4872E-84
  -8.610  0.1249E-83  0.4997E-84
  -8.600  0.1249E-83  0.5122E-84
  -8.590  0.1249E-83  0.5247E-84
  -8.580  0.1249E-83  0.5372E-84
  -8.570  0.1249E-83  0.5497E-84
  -8.560  0.1249E-83  0.5622E-84
  -8.550  0.1249E-83  0.5747E-84
  -8.540  0.1249E-83  0.5871E-84
  -8.530  0.1249E-83  0.5996E-84
  -8.520  0.1249E-83  0.6121E-84
  -8.510  0.1249E-83  0.6246E-84
  -8.500  0.1249E-83  0.6371E-84
  -8.490  0.1249E-83  0.6496E-84
  -8.480  0.1249E-83  0.6621E-84
  -8.470  0.1249E-83  0.6746E-84
  -8.460  0.1249E-83  0.6871E-84
  -8.450  0.1249E-83  0.6996E-84
  -8.440  0.1249E-83  0.7121E-84
  -8.430  0.1249E-83  0.7246E-84
  -8.420  0.1249E-83  0.7371E-84
  -8.410  0.1249E-83  0.7495E-84
  -8.400  0.1249E-83  0.7620E-84
  -8.390  0.1249E-83  0.7745E-84
  -8.380  0.1249E-83  0.7870E-84
  -8.370  0.1249E-83  0.7995E-84
  -8.360  0.1249E-83  0.8120E-84
  -8.350  0.1249E-83  0.8245E-84
  -8.340  0.1249E-83  0.8370E-84
  -8.330  0.1249E-83  0.8495E-84
  -8.320  0.1249E-83  0.8620E-84
  -8.310  0.1249E-83  0.8745E-84
  -8.300  0.1249E-83  0.8870E-84
  -8.290  0.1249E-83  0.8995E-84
  -8.280  0.1249E-83  0.9120E-84
  -8.270  0.1249E-83  0.9244E-84
  -8.260  0.1249E-83  0.9369E-84
  -8.250  0.1249E-83  0.9494E-84
  -8.240  0.1249E-83  0.9619E-84
  -8.230  0.1249E-83  0.9744E-84
  -8.220  0.1249E-83  0.9869E-84
  -8.210  0.1249E-83  0.9994E-84
  -8.200  0.1249E-83  0.1012E-83
  -8.190  0.1249E-83  0.1024E-83
  -8.180  0.1249E-83  0.1037E-83
  -8.170  0.1249E-83  0.1049E-83
  -8.160  0.1249E-83  0.1062E-83
  -8.150  0.1249E-83  0.1074E-83
  -8.140  0.1249E-83  0.1087E-83
  -8.130  0.1249E-83  0.1099E-83
  -8.120  0.1249E-83  0.1112E-83
  -8.110  0.1249E-83  0.1124E-83
  -8.100  0.1249E-83  0.1137E-83
  -8.090  0.1249E-83  0.1149E-83
  -8.080  0.1249E-83  0.1162E-83
  -8.070  0.1249E-83  0.1174E-83
  -8.060  0.1249E-83  0.1187E-83
  -8.050  0.1249E-83  0.1199E-83
  -8.040  0.1249E-83  0.1212E-83
  -8.030  0.1249E-83  0.1224E-83
  -8.020  0.1249E-83  0.1237E-83
  -8.010  0.1249E-83  0.1249E-83
  -8.000  0.1249E-83  0.1262E-83
  -7.990  0.1249E-83  0.1274E-83
  -7.980  0.1249E-83  0.1287E-83
  -7.970  0.1249E-83  0.1299E-83
  -7.960  0.1249E-83  0.1312E-83
  -7.950  0.1249E-83  0.1324E-83
  -7.940  0.1249E-83  0.1337E-83
  -7.930  0.1249E-83  0.1349E-83
  -7.920  0.1249E-83  0.1362E-83
  -7.910  0.1249E-83  0.1374E-83
  -7.900  0.1249E-83  0.1387E-83
  -7.890  0.1249E-83  0.1399E-83
  -7.880  0.1249E-83  0.1412E-83
  -7.870  0.1249E-83  0.1424E-83
  -7.860  0.1249E-83  0.1437E-83
  -7.850  0.1249E-83  0.1449E-83
  -7.840  0.1249E-83  0.1462E-83
  -7.830  0.1249E-83  0.1474E-83
  -7.820  0.1249E-83  0.1487E-83
  -7.810  0.1249E-83  0.1499E-83
  -7.800  0.1249E-83  0.1512E-83
  -7.790  0.1249E-83  0.1524E-83
  -7.780  0.1249E-83  0.1537E-83
  -7.770  0.1249E-83  0.1549E-83
  -7.760  0.1249E-83  0.1562E-83
  -7.750  0.1249E-83  0.1574E-83
  -7.740  0.1249E-83  0.1587E-83
  -7.730  0.1249E-83  0.1599E-83
  -7.720  0.1249E-83  0.1612E-83
  -7.710  0.1249E-83  0.1624E-83
  -7.700  0.1249E-83  0.1637E-83
  -7.690  0.1249E-83  0.1649E-83
  -7.680  0.1249E-83  0.1661E-83
  -7.670  0.1249E-83  0.1674E-83
  -7.660  0.1249E-83  0.1686E-83
  -7.650  0.1249E-83  0.1699E-83
  -7.640  0.1249E-83  0.1711E-83
  -7.630  0.1249E-83  0.1724E-83
  -7.620  0.1249E-83  0.1736E-83
  -7.610  0.1249E-83  0.1749E-83
  -7.600  0.1249E-83  0.1761E-83
  -7.590  0.1249E-83  0.1774E-83
  -7.580  0.1249E-83  0.1786E-83
  -7.570  0.1249E-83  0.1799E-83
  -7.560  0.1249E-83  0.1811E-83
  -7.550  0.1249E-83  0.1824E-83
  -7.540  0.1249E-83  0.1836E-83
  -7.530  0.1249E-83  0.1849E-83
  -7.520  0.1249E-83  0.1861E-83
  -7.510  0.1249E-83  0.1874E-83
  -7.500  0.1249E-83  0.1886E-83
  -7.490  0.1249E-83  0.1899E-83
  -7.480  0.1249E-83  0.1911E-83
  -7.470  0.1249E-83  0.1924E-83
  -7.460  0.1249E-83  0.1936E-83
  -7.450  0.1249E-83  0.1949E-83
  -7.440  0.1249E-83  0.1961E-83
  -7.430  0.1249E-83  0.1974E-83
  -7.420  0.1249E-83  0.1986E-83
  -7.410  0.1249E-83  0.1999E-83
  -7.400  0.1249E-83  0.2011E-83
  -7.390  0.1249E-83  0.2024E-83
  -7.380  0.1249E-83  0.2036E-83
  -7.370  0.1249E-83  0.2049E-83
  -7.360  0.1249E-83  0.2061E-83
  -7.350  0.1249E-83  0.2074E-83
  -7.340  0.1249E-83  0.2086E-83
  -7.330  0.1249E-83  0.2099E-83
  -7.320  0.1249E-83  0.2111E-83
  -7.310  0.1249E-83  0.2124E-83
  -7.300  0.1249E-83  0.2136E-83
  -7.290  0.1249E-83  0.2149E-83
  -7.280  0.1249E-83  0.2161E-83
  -7.270  0.1249E-83  0.2174E-83
  -7.260  0.1249E-83  0.2186E-83
  -7.250  0.1249E-83  0.2199E-83
  -7.240  0.1249E-83  0.2211E-83
  -7.230  0.1249E-83  0.2224E-83
  -7.220  0.1249E-83  0.2236E-83
  -7.210  0.1249E-83  0.2249E-83
  -7.200  0.1249E-83  0.2261E-83
  -7.190  0.1249E-83  0.2274E-83
  -7.180  0.1249E-83  0.2286E-83
  -7.170  0.1249E-83  0.2299E-83
  -7.160  0.1249E-83  0.2311E-83
  -7.150  0.1249E-83  0.2324E-83
  -7.140  0.1249E-83  0.2336E-83
  -7.130  0.1249E-83  0.2349E-83
  -7.120  0.1249E-83  0.2361E-83
  -7.110  0.1249E-83  0.2374E-83
  -7.100  0.1249E-83  0.2386E-83
  -7.090  0.1249E-83  0.2399E-83
  -7.080  0.1249E-83  0.2411E-83
  -7.070  0.1249E-83  0.2424E-83
  -7.060  0.1249E-83  0.2436E-83
  -7.050  0.1249E-83  0.2449E-83
  -7.040  0.1249E-83  0.2461E-83
  -7.030  0.1249E-83  0.2474E-83
  -7.020  0.1249E-83  0.2486E-83
  -7.010  0.1249E-83  0.2498E-83
  -7.000  0.1249E-83  0.2511E-83
  -6.990  0.1249E-83  0.2523E-83
  -6.980  0.1249E-83  0.2536E-83
  -6.970  0.1249E-83  0.2548E-83
  -6.960  0.1249E-83  0.2561E-83
  -6.950  0.1249E-83  0.2573E-83
  -6.940  0.1249E-83  0.2586E-83
  -6.930  0.1249E-83  0.2598E-83
  -6.920  0.1249E-83  0.2611E-83
  -6.910  0.1249E-83  0.2623E-83
  -6.900  0.1249E-83  0.2636E-83
  -6.890  0.1249E-83  0.2648E-83
  -6.880  0.1249E-83  0.2661E-83
  -6.870  0.1249E-83  0.2673E-83
  -6.860  0.1249E-83  0.2686E-83
  -6.850  0.1249E-83  0.2698E-83
  -6.840  0.1249E-83  0.2711E-83
  -6.830  0.1249E-83  0.2723E-83
  -6.820  0.1249E-83  0.2736E-83
  -6.810  0.1249E-83  0.2748E-83
  -6.800  0.1249E-83  0.2761E-83
  -6.790  0.1249E-83  0.2773E-83
  -6.780  0.1249E-83  0.2786E-83
  -6.770  0.1249E-83  0.2798E-83
  -6.760  0.1249E-83  0.2811E-83
  -6.750  0.1249E-83  0.2823E-83
  -6.740  0.1249E-83  0.2836E-83
  -6.730  0.1249E-83  0.2848E-83
  -6.720  0.1249E-83  0.2861E-83
  -6.710  0.1249E-83  0.2873E-83
  -6.700  0.1249E-83  0.2886E-83
  -6.690  0.1249E-83  0.2898E-83
  -6.680  0.1249E-83  0.2911E-83
  -6.670  0.1249E-83  0.2923E-83
  -6.660  0.1249E-83  0.2936E-83
  -6.650  0.1249E-83  0.2948E-83
  -6.640  0.1249E-83  0.2961E-83
  -6.630  0.1249E-83  0.2973E-83
  -6.620  0.1249E-83  0.2986E-83
  -6.610  0.1249E-83  0.2998E-83
  -6.600  0.1249E-83  0.3011E-83
  -6.590  0.1249E-83  0.3023E-83
  -6.580  0.1249E-83  0.3036E-83
  -6.570  0.1249E-83  0.3048E-83
  -6.560  0.1249E-83  0.3061E-83
  -6.550  0.1249E-83  0.3073E-83
  -6.540  0.1249E-83  0.3086E-83
  -6.530  0.1249E-83  0.3098E-83
  -6.520  0.1249E-83  0.3111E-83
  -6.510  0.1249E-83  0.3123E-83
  -6.500  0.1249E-83  0.3136E-83
  -6.490  0.1249E-83  0.3148E-83
  -6.480  0.1249E-83  0.3161E-83
  -6.470  0.1249E-83  0.3173E-83
  -6.460  0.1249E-83  0.3186E-83
  -6.450  0.1249E-83  0.3198E-83
  -6.440  0.1249E-83  0.3211E-83
  -6.430  0.1249E-83  0.3223E-83
  -6.420  0.1249E-83  0.3236E-83
  -6.410  0.1249E-83  0.3248E-83
  -6.400  0.1249E-83  0.3261E-83
  -6.390  0.1249E-83  0.3273E-83
  -6.380  0.1249E-83  0.3286E-83
  -6.370  0.1249E-83  0.3298E-83
  -6.360  0.1249E-83  0.3311E-83
  -6.350  0.1249E-83  0.3323E-83
  -6.340  0.1249E-83  0.3335E-83
  -6.330  0.1249E-83  0.3348E-83
  -6.320  0.1249E-83  0.3360E-83
  -6.310  0.1249E-83  0.3373E-83
  -6.300  0.1249E-83  0.3385E-83
  -6.290  0.1249E-83  0.3398E-83
  -6.280  0.1249E-83  0.3410E-83
  -6.270  0.1249E-83  0.3423E-83
  -6.260  0.1249E-83  0.3435E-83
  -6.250  0.1249E-83  0.3448E-83
  -6.240  0.1249E-83  0.3460E-83
  -6.230  0.1249E-83  0.3473E-83
  -6.220  0.1249E-83  0.3485E-83
  -6.210  0.1249E-83  0.3498E-83
  -6.200  0.1249E-83  0.3510E-83
  -6.190  0.1249E-83  0.3523E-83
  -6.180  0.1249E-83  0.3535E-83
  -6.170  0.1249E-83  0.3548E-83
  -6.160  0.1249E-83  0.3560E-83
  -6.150  0.1249E-83  0.3573E-83
  -6.140  0.1249E-83  0.3585E-83
  -6.130  0.1249E-83  0.3598E-83
  -6.120  0.1249E-83  0.3610E-83
  -6.110  0.1249E-83  0.3623E-83
  -6.100  0.1249E-83  0.3635E-83
  -6.090  0.1249E-83  0.3648E-83
  -6.080  0.1249E-83  0.3660E-83
  -6.070  0.1249E-83  0.3673E-83
  -6.060  0.1249E-83  0.3685E-83
  -6.050  0.2328E-83  0.3709E-83
  -6.040  0.5077E-72  0.5077E-74
  -6.030  0.3225E-61  0.3225E-63
  -6.020  0.2772E-51  0.2772E-53
  -6.010  0.3224E-42  0.3224E-44
  -6.000  0.5076E-34  0.5076E-36
  -5.990  0.1082E-26  0.1082E-28
  -5.980  0.3121E-20  0.3121E-22
  -5.970  0.1220E-14  0.1220E-16
  -5.960  0.6465E-10  0.6465E-12
  -5.950  0.4669E-06  0.4669E-08
  -5.940  0.4643E-03  0.4648E-05
  -5.930  0.6553E-01  0.6600E-03
  -5.920  0.1410E+01  0.1476E-01
  -5.910  0.5316E+01  0.6793E-01
  -5.900  0.4827E+01  0.1162E+00
  -5.890  0.3314E+01  0.1493E+00
  -5.880  0.2441E+01  0.1738E+00
  -5.870  0.2580E+01  0.1996E+00
  -5.860  0.1781E+01  0.2174E+00
  -5.850  0.8422E+00  0.2258E+00
  -5.840  0.2468E+01  0.2505E+00
  -5.830  0.2478E+01  0.2753E+00
  -5.820  0.9595E+00  0.2848E+00
  -5.810  0.1728E+00  0.2866E+00
  -5.800  0.9526E+00  0.2961E+00
  -5.790  0.2386E+01  0.3200E+00
  -5.780  0.2435E+01  0.3443E+00
  -5.770  0.6987E+00  0.3513E+00
  -5.760  0.8753E-01  0.3522E+00
  -5.750  0.6745E+00  0.3589E+00
  -5.740  0.1222E+01  0.3711E+00
  -5.730  0.9674E+00  0.3808E+00
  -5.720  0.2094E+01  0.4018E+00
  -5.710  0.1394E+01  0.4157E+00
  -5.700  0.2266E+00  0.4180E+00
  -5.690  0.6087E+00  0.4240E+00
  -5.680  0.1212E+01  0.4362E+00
  -5.670  0.4059E+00  0.4402E+00
  -5.660  0.8087E+00  0.4483E+00
  -5.650  0.1120E+01  0.4595E+00
  -5.640  0.5266E+00  0.4648E+00
  -5.630  0.1254E+01  0.4773E+00
  -5.620  0.1236E+01  0.4897E+00
  -5.610  0.1250E+01  0.5022E+00
  -5.600  0.3233E+00  0.5054E+00
  -5.590  0.1445E+00  0.5069E+00
  -5.580  0.9713E+00  0.5166E+00
  -5.570  0.9601E+00  0.5262E+00
  -5.560  0.1291E+00  0.5275E+00
  -5.550  0.6994E-01  0.5282E+00
  -5.540  0.9861E+00  0.5380E+00
  -5.530  0.2339E+01  0.5614E+00
  -5.520  0.9398E+00  0.5708E+00
  -5.510  0.6647E-01  0.5715E+00
  -5.500  0.2063E+00  0.5735E+00
  -5.490  0.1104E+01  0.5846E+00
  -5.480  0.8024E+00  0.5926E+00
  -5.470  0.8061E-01  0.5934E+00
  -5.460  0.1077E+00  0.5945E+00
  -5.450  0.8999E+00  0.6035E+00
  -5.440  0.1028E+01  0.6138E+00
  -5.430  0.2193E+00  0.6160E+00
  -5.420  0.7232E+00  0.6232E+00
  -5.410  0.1168E+01  0.6349E+00
  -5.400  0.5517E+00  0.6404E+00
  -5.390  0.1203E+01  0.6524E+00
  -5.380  0.6449E+00  0.6589E+00
  -5.370  0.5346E-01  0.6594E+00
  -5.360  0.2319E+00  0.6617E+00
  -5.350  0.1136E+01  0.6731E+00
  -5.340  0.7549E+00  0.6806E+00
  -5.330  0.6787E-01  0.6813E+00
  -5.320  0.8282E-03  0.6813E+00
  -5.310  0.1302E-02  0.6813E+00
  -5.300  0.1045E+00  0.6824E+00
  -5.290  0.1251E+01  0.6949E+00
  -5.280  0.2327E+01  0.7182E+00
  -5.270  0.6817E+00  0.7250E+00
  -5.260  0.6125E-01  0.7256E+00
  -5.250  0.5283E+00  0.7309E+00
  -5.240  0.1233E+01  0.7432E+00
  -5.230  0.3895E+00  0.7471E+00
  -5.220  0.1665E-01  0.7473E+00
  -5.210  0.9636E-04  0.7473E+00
  -5.200  0.5254E-06  0.7473E+00
  -5.190  0.3662E-03  0.7473E+00
  -5.180  0.4033E-01  0.7477E+00
  -5.170  0.6015E+00  0.7537E+00
  -5.160  0.1252E+01  0.7662E+00
  -5.150  0.9276E+00  0.7755E+00
  -5.140  0.1381E+01  0.7893E+00
  -5.130  0.1354E+01  0.8028E+00
  -5.120  0.9241E+00  0.8121E+00
  -5.110  0.1106E+00  0.8132E+00
  -5.100  0.1815E-02  0.8132E+00
  -5.090  0.4031E-05  0.8132E+00
  -5.080  0.1850E-08  0.8132E+00
  -5.070  0.2440E-05  0.8132E+00
  -5.060  0.1263E-02  0.8132E+00
  -5.050  0.8851E-01  0.8141E+00
  -5.040  0.8393E+00  0.8225E+00
  -5.030  0.1077E+01  0.8333E+00
  -5.020  0.2273E+00  0.8355E+00
  -5.010  0.6115E+00  0.8416E+00
  -5.000  0.1446E+01  0.8561E+00
  -4.990  0.1470E+01  0.8708E+00
  -4.980  0.7642E+00  0.8784E+00
  -4.970  0.6730E-01  0.8791E+00
  -4.960  0.8137E-03  0.8791E+00
  -4.950  0.1333E-05  0.8791E+00
  -4.940  0.8983E-08  0.8791E+00
  -4.930  0.1855E-04  0.8791E+00
  -4.920  0.5361E-02  0.8792E+00
  -4.910  0.2097E+00  0.8813E+00
  -4.900  0.1110E+01  0.8924E+00
  -4.890  0.8079E+00  0.9004E+00
  -4.880  0.4197E+00  0.9046E+00
  -4.870  0.1219E+01  0.9168E+00
  -4.860  0.5859E+00  0.9227E+00
  -4.850  0.3863E-01  0.9231E+00
  -4.840  0.4869E-01  0.9236E+00
  -4.830  0.6526E+00  0.9301E+00
  -4.820  0.1192E+01  0.9420E+00
  -4.810  0.2946E+00  0.9450E+00
  -4.800  0.9856E-02  0.9451E+00
  -4.790  0.4483E-04  0.9451E+00
  -4.780  0.2073E-03  0.9451E+00
  -4.770  0.2778E-01  0.9453E+00
  -4.760  0.5039E+00  0.9504E+00
  -4.750  0.1244E+01  0.9628E+00
  -4.740  0.6518E+00  0.9693E+00
  -4.730  0.1165E+01  0.9810E+00
  -4.720  0.7384E+00  0.9884E+00
  -4.710  0.6435E-01  0.9890E+00
  -4.700  0.7590E-03  0.9890E+00
  -4.690  0.1242E-05  0.9890E+00
  -4.680  0.4856E-04  0.9890E+00
  -4.670  0.1045E-01  0.9891E+00
  -4.660  0.3041E+00  0.9922E+00
  -4.650  0.1198E+01  0.1004E+01
  -4.640  0.6388E+00  0.1011E+01
  -4.630  0.4610E-01  0.1011E+01
  -4.620  0.3634E-02  0.1011E+01
  -4.610  0.1549E+00  0.1013E+01
  -4.600  0.1027E+01  0.1023E+01
  -4.590  0.1149E+01  0.1034E+01
  -4.580  0.1256E+01  0.1047E+01
  -4.570  0.7406E+00  0.1054E+01
  -4.560  0.6446E-01  0.1055E+01
  -4.550  0.7611E-03  0.1055E+01
  -4.540  0.1216E-05  0.1055E+01
  -4.530  0.2630E-09  0.1055E+01
  -4.520  0.3414E-11  0.1055E+01
  -4.510  0.3797E-07  0.1055E+01
  -4.500  0.5729E-04  0.1055E+01
  -4.490  0.1170E-01  0.1055E+01
  -4.480  0.3232E+00  0.1058E+01
  -4.470  0.1209E+01  0.1070E+01
  -4.460  0.6124E+00  0.1077E+01
  -4.450  0.9542E-01  0.1077E+01
  -4.440  0.6960E+00  0.1084E+01
  -4.430  0.1528E+01  0.1100E+01
  -4.420  0.1496E+01  0.1115E+01
  -4.410  0.5843E+00  0.1121E+01
  -4.400  0.3675E-01  0.1121E+01
  -4.390  0.3170E-03  0.1121E+01
  -4.380  0.3704E-06  0.1121E+01
  -4.370  0.5857E-10  0.1121E+01
  -4.360  0.1253E-14  0.1121E+01
  -4.350  0.7293E-17  0.1121E+01
  -4.340  0.7934E-12  0.1121E+01
  -4.330  0.1169E-07  0.1121E+01
  -4.320  0.2330E-04  0.1121E+01
  -4.310  0.6286E-02  0.1121E+01
  -4.300  0.2295E+00  0.1123E+01
  -4.290  0.1134E+01  0.1135E+01
  -4.280  0.7928E+00  0.1143E+01
  -4.270  0.6723E+00  0.1149E+01
  -4.260  0.1886E+01  0.1168E+01
  -4.250  0.1557E+01  0.1184E+01
  -4.240  0.3056E+00  0.1187E+01
  -4.230  0.9701E-02  0.1187E+01
  -4.220  0.4313E-04  0.1187E+01
  -4.210  0.2611E-07  0.1187E+01
  -4.200  0.2141E-11  0.1187E+01
  -4.190  0.2376E-16  0.1187E+01
  -4.180  0.9300E-21  0.1187E+01
  -4.170  0.3780E-15  0.1187E+01
  -4.160  0.2162E-10  0.1187E+01
  -4.150  0.1674E-06  0.1187E+01
  -4.140  0.1754E-03  0.1187E+01
  -4.130  0.2487E-01  0.1187E+01
  -4.120  0.4772E+00  0.1192E+01
  -4.110  0.1240E+01  0.1204E+01
  -4.100  0.4989E+00  0.1209E+01
  -4.090  0.9592E+00  0.1219E+01
  -4.080  0.2314E+01  0.1242E+01
  -4.070  0.1005E+01  0.1252E+01
  -4.060  0.7292E-01  0.1253E+01
  -4.050  0.8014E-03  0.1253E+01
  -4.040  0.1250E-05  0.1253E+01
  -4.030  0.2684E-09  0.1253E+01
  -4.020  0.7854E-14  0.1253E+01
  -4.010  0.1188E-16  0.1253E+01
  -4.000  0.1194E-11  0.1253E+01
  -3.990  0.1628E-07  0.1253E+01
  -3.980  0.3003E-04  0.1253E+01
  -3.970  0.7499E-02  0.1253E+01
  -3.960  0.2534E+00  0.1255E+01
  -3.950  0.1159E+01  0.1267E+01
  -3.940  0.7172E+00  0.1274E+01
  -3.930  0.6011E-01  0.1275E+01
  -3.920  0.9196E-02  0.1275E+01
  -3.910  0.3465E+00  0.1278E+01
  -3.900  0.2044E+01  0.1299E+01
  -3.890  0.1768E+01  0.1316E+01
  -3.880  0.2239E+00  0.1319E+01
  -3.870  0.4101E-02  0.1319E+01
  -3.860  0.1069E-04  0.1319E+01
  -3.850  0.5433E-06  0.1319E+01
  -3.840  0.4187E-03  0.1319E+01
  -3.830  0.4399E-01  0.1319E+01
  -3.820  0.6255E+00  0.1325E+01
  -3.810  0.1204E+01  0.1337E+01
  -3.800  0.3134E+00  0.1341E+01
  -3.790  0.1105E-01  0.1341E+01
  -3.780  0.5268E-04  0.1341E+01
  -3.770  0.3402E-07  0.1341E+01
  -3.760  0.1094E-06  0.1341E+01
  -3.750  0.1275E-03  0.1341E+01
  -3.740  0.2012E-01  0.1341E+01
  -3.730  0.4345E+00  0.1345E+01
  -3.720  0.1510E+01  0.1360E+01
  -3.710  0.2394E+01  0.1384E+01
  -3.700  0.2170E+01  0.1406E+01
  -3.690  0.1401E+01  0.1420E+01
  -3.680  0.7863E+00  0.1428E+01
  -3.670  0.7364E-01  0.1429E+01
  -3.660  0.9399E-03  0.1429E+01
  -3.650  0.1624E-05  0.1429E+01
  -3.640  0.3797E-09  0.1429E+01
  -3.630  0.1202E-13  0.1429E+01
  -3.620  0.5146E-19  0.1429E+01
  -3.610  0.2983E-25  0.1429E+01
  -3.600  0.2369E-32  0.1429E+01
  -3.590  0.6161E-27  0.1429E+01
  -3.580  0.1748E-20  0.1429E+01
  -3.570  0.6716E-15  0.1429E+01
  -3.560  0.3497E-10  0.1429E+01
  -3.550  0.2477E-06  0.1429E+01
  -3.540  0.2406E-03  0.1429E+01
  -3.530  0.3284E-01  0.1429E+01
  -3.520  0.6673E+00  0.1436E+01
  -3.510  0.2231E+01  0.1458E+01
  -3.500  0.1327E+01  0.1471E+01
  -3.490  0.1352E+00  0.1473E+01
  -3.480  0.2126E-02  0.1473E+01
  -3.470  0.4779E-05  0.1473E+01
  -3.460  0.1484E-08  0.1473E+01
  -3.450  0.6282E-13  0.1473E+01
  -3.440  0.3608E-18  0.1473E+01
  -3.430  0.2807E-24  0.1473E+01
  -3.420  0.2955E-31  0.1473E+01
  -3.410  0.4254E-39  0.1473E+01
  -3.400  0.4724E-33  0.1473E+01
  -3.390  0.7234E-26  0.1473E+01
  -3.380  0.1499E-19  0.1473E+01
  -3.370  0.4205E-14  0.1473E+01
  -3.360  0.1596E-09  0.1473E+01
  -3.350  0.8200E-06  0.1473E+01
  -3.340  0.5702E-03  0.1473E+01
  -3.330  0.5376E-01  0.1473E+01
  -3.320  0.7023E+00  0.1480E+01
  -3.310  0.1596E+01  0.1496E+01
  -3.300  0.1512E+01  0.1511E+01
  -3.290  0.5038E+00  0.1516E+01
  -3.280  0.2684E-01  0.1516E+01
  -3.270  0.1964E-03  0.1516E+01
  -3.260  0.1947E-06  0.1516E+01
  -3.250  0.2612E-10  0.1516E+01
  -3.240  0.4743E-15  0.1516E+01
  -3.230  0.1166E-20  0.1516E+01
  -3.220  0.3877E-27  0.1516E+01
  -3.210  0.1745E-34  0.1516E+01
  -3.200  0.2440E-32  0.1516E+01
  -3.190  0.3096E-25  0.1516E+01
  -3.180  0.5316E-19  0.1516E+01
  -3.170  0.1235E-13  0.1516E+01
  -3.160  0.3884E-09  0.1516E+01
  -3.150  0.1653E-05  0.1516E+01
  -3.140  0.9522E-03  0.1517E+01
  -3.130  0.7422E-01  0.1517E+01
  -3.120  0.7830E+00  0.1525E+01
  -3.110  0.1123E+01  0.1536E+01
  -3.100  0.4216E+00  0.1541E+01
  -3.090  0.1110E+01  0.1552E+01
  -3.080  0.8025E+00  0.1560E+01
  -3.070  0.7893E-01  0.1560E+01
  -3.060  0.1051E-02  0.1560E+01
  -3.050  0.1892E-05  0.1560E+01
  -3.040  0.4613E-09  0.1560E+01
  -3.030  0.1522E-13  0.1560E+01
  -3.020  0.6796E-19  0.1560E+01
  -3.010  0.4107E-25  0.1560E+01
  -3.000  0.1321E-29  0.1560E+01
  -2.990  0.7970E-23  0.1560E+01
  -2.980  0.6524E-17  0.1560E+01
  -2.970  0.7227E-12  0.1560E+01
  -2.960  0.1083E-07  0.1560E+01
  -2.950  0.2198E-04  0.1560E+01
  -2.940  0.6036E-02  0.1561E+01
  -2.930  0.2243E+00  0.1563E+01
  -2.920  0.1128E+01  0.1574E+01
  -2.910  0.7678E+00  0.1582E+01
  -2.900  0.7074E-01  0.1582E+01
  -2.890  0.6123E-02  0.1582E+01
  -2.880  0.2070E+00  0.1585E+01
  -2.870  0.1106E+01  0.1596E+01
  -2.860  0.8000E+00  0.1604E+01
  -2.850  0.7831E-01  0.1604E+01
  -2.840  0.1037E-02  0.1604E+01
  -2.830  0.1860E-05  0.1604E+01
  -2.820  0.4513E-09  0.1604E+01
  -2.810  0.1482E-13  0.1604E+01
  -2.800  0.6597E-19  0.1604E+01
  -2.790  0.6615E-16  0.1604E+01
  -2.780  0.5047E-11  0.1604E+01
  -2.770  0.5212E-07  0.1604E+01
  -2.760  0.7285E-04  0.1604E+01
  -2.750  0.1378E-01  0.1605E+01
  -2.740  0.3527E+00  0.1608E+01
  -2.730  0.1222E+01  0.1620E+01
  -2.720  0.5729E+00  0.1626E+01
  -2.710  0.3635E-01  0.1626E+01
  -2.700  0.3121E-03  0.1626E+01
  -2.690  0.3628E-06  0.1626E+01
  -2.680  0.1276E-06  0.1626E+01
  -2.670  0.1430E-03  0.1626E+01
  -2.660  0.2171E-01  0.1627E+01
  -2.650  0.4460E+00  0.1631E+01
  -2.640  0.1240E+01  0.1643E+01
  -2.630  0.4665E+00  0.1648E+01
  -2.620  0.2375E-01  0.1648E+01
  -2.610  0.1637E-03  0.1648E+01
  -2.600  0.1784E-06  0.1648E+01
  -2.590  0.4266E-04  0.1648E+01
  -2.580  0.9557E-02  0.1648E+01
  -2.570  0.2897E+00  0.1651E+01
  -2.560  0.1189E+01  0.1663E+01
  -2.550  0.6599E+00  0.1670E+01
  -2.540  0.4959E-01  0.1670E+01
  -2.530  0.5043E-03  0.1670E+01
  -2.520  0.6940E-06  0.1670E+01
  -2.510  0.1293E-09  0.1670E+01
  -2.500  0.3259E-14  0.1670E+01
  -2.490  0.1208E-19  0.1670E+01
  -2.480  0.4015E-15  0.1670E+01
  -2.470  0.2274E-10  0.1670E+01
  -2.460  0.1743E-06  0.1670E+01
  -2.450  0.1807E-03  0.1670E+01
  -2.440  0.2539E-01  0.1671E+01
  -2.430  0.4873E+00  0.1675E+01
  -2.420  0.1448E+01  0.1690E+01
  -2.410  0.1540E+01  0.1705E+01
  -2.400  0.8160E+00  0.1714E+01
  -2.390  0.7738E-01  0.1714E+01
  -2.380  0.1015E-02  0.1714E+01
  -2.370  0.1879E-03  0.1714E+01
  -2.360  0.3043E-01  0.1715E+01
  -2.350  0.7100E+00  0.1722E+01
  -2.340  0.2395E+01  0.1746E+01
  -2.330  0.1175E+01  0.1757E+01
  -2.320  0.8361E-01  0.1758E+01
  -2.310  0.8520E-03  0.1758E+01
  -2.300  0.1226E-05  0.1758E+01
  -2.290  0.2472E-09  0.1758E+01
  -2.280  0.1991E-07  0.1758E+01
  -2.270  0.3504E-04  0.1758E+01
  -2.260  0.8343E-02  0.1758E+01
  -2.250  0.2689E+00  0.1761E+01
  -2.240  0.1173E+01  0.1773E+01
  -2.230  0.6921E+00  0.1780E+01
  -2.220  0.5528E-01  0.1780E+01
  -2.210  0.5977E-03  0.1780E+01
  -2.200  0.2745E-04  0.1780E+01
  -2.190  0.6893E-02  0.1780E+01
  -2.180  0.2438E+00  0.1783E+01
  -2.170  0.1269E+01  0.1795E+01
  -2.160  0.1681E+01  0.1812E+01
  -2.150  0.1051E+01  0.1823E+01
  -2.140  0.1403E+00  0.1824E+01
  -2.130  0.2673E-02  0.1824E+01
  -2.120  0.4944E-04  0.1824E+01
  -2.110  0.9534E-02  0.1824E+01
  -2.100  0.2893E+00  0.1827E+01
  -2.090  0.1188E+01  0.1839E+01
  -2.080  0.6605E+00  0.1846E+01
  -2.070  0.4969E-01  0.1846E+01
  -2.060  0.3628E-02  0.1846E+01
  -2.050  0.1531E+00  0.1848E+01
  -2.040  0.1016E+01  0.1858E+01
  -2.030  0.9126E+00  0.1867E+01
  -2.020  0.1143E+00  0.1868E+01
  -2.010  0.1611E+00  0.1870E+01
  -2.000  0.1028E+01  0.1880E+01
  -1.990  0.9032E+00  0.1889E+01
  -1.980  0.2976E+00  0.1892E+01
  -1.970  0.1089E+01  0.1903E+01
  -1.960  0.9885E+00  0.1913E+01
  -1.950  0.1162E+01  0.1924E+01
  -1.940  0.1761E+01  0.1942E+01
  -1.930  0.3647E+01  0.1979E+01
  -1.920  0.4798E+01  0.2027E+01
  -1.910  0.1992E+01  0.2046E+01
  -1.900  0.1341E+01  0.2060E+01
  -1.890  0.5956E+00  0.2066E+01
  -1.880  0.4938E+00  0.2071E+01
  -1.870  0.1240E+01  0.2083E+01
  -1.860  0.4548E+00  0.2088E+01
  -1.850  0.4291E-01  0.2088E+01
  -1.840  0.4318E+00  0.2092E+01
  -1.830  0.1239E+01  0.2105E+01
  -1.820  0.4814E+00  0.2110E+01
  -1.810  0.2535E-01  0.2110E+01
  -1.800  0.9771E-02  0.2110E+01
  -1.790  0.2903E+00  0.2113E+01
  -1.780  0.1189E+01  0.2125E+01
  -1.770  0.6591E+00  0.2131E+01
  -1.760  0.4944E-01  0.2132E+01
  -1.750  0.5068E-03  0.2132E+01
  -1.740  0.2063E-02  0.2132E+01
  -1.730  0.1195E+00  0.2133E+01
  -1.720  0.9367E+00  0.2142E+01
  -1.710  0.9939E+00  0.2152E+01
  -1.700  0.1430E+00  0.2154E+01
  -1.690  0.3451E-01  0.2154E+01
  -1.680  0.5373E+00  0.2160E+01
  -1.670  0.1231E+01  0.2172E+01
  -1.660  0.4044E+00  0.2176E+01
  -1.650  0.4723E+00  0.2181E+01
  -1.640  0.1240E+01  0.2193E+01
  -1.630  0.4561E+00  0.2198E+01
  -1.620  0.2270E-01  0.2198E+01
  -1.610  0.1529E-03  0.2198E+01
  -1.600  0.1401E-06  0.2198E+01
  -1.590  0.2656E-05  0.2198E+01
  -1.580  0.1343E-02  0.2198E+01
  -1.570  0.9193E-01  0.2199E+01
  -1.560  0.8515E+00  0.2207E+01
  -1.550  0.1068E+01  0.2218E+01
  -1.540  0.1811E+00  0.2220E+01
  -1.530  0.4159E-02  0.2220E+01
  -1.520  0.1292E-04  0.2220E+01
  -1.510  0.5435E-08  0.2220E+01
  -1.500  0.6635E-08  0.2220E+01
  -1.490  0.1507E-04  0.2220E+01
  -1.480  0.4634E-02  0.2220E+01
  -1.470  0.1928E+00  0.2222E+01
  -1.460  0.1086E+01  0.2233E+01
  -1.450  0.8276E+00  0.2241E+01
  -1.440  0.8731E-01  0.2242E+01
  -1.430  0.1165E+00  0.2243E+01
  -1.420  0.9251E+00  0.2252E+01
  -1.410  0.1005E+01  0.2262E+01
  -1.400  0.1476E+00  0.2264E+01
  -1.390  0.2937E-02  0.2264E+01
  -1.380  0.1527E-03  0.2264E+01
  -1.370  0.2634E-01  0.2264E+01
  -1.360  0.6705E+00  0.2271E+01
  -1.350  0.2401E+01  0.2295E+01
  -1.340  0.1211E+01  0.2307E+01
  -1.330  0.8602E-01  0.2308E+01
  -1.320  0.8565E-03  0.2308E+01
  -1.310  0.1908E-04  0.2308E+01
  -1.300  0.5227E-02  0.2308E+01
  -1.290  0.2066E+00  0.2310E+01
  -1.280  0.1106E+01  0.2321E+01
  -1.270  0.8006E+00  0.2329E+01
  -1.260  0.7846E-01  0.2330E+01
  -1.250  0.1041E-02  0.2330E+01
  -1.240  0.1868E-05  0.2330E+01
  -1.230  0.4537E-09  0.2330E+01
  -1.220  0.1492E-13  0.2330E+01
  -1.210  0.1468E-13  0.2330E+01
  -1.200  0.4478E-09  0.2330E+01
  -1.190  0.1851E-05  0.2330E+01
  -1.180  0.1040E-02  0.2330E+01
  -1.170  0.8096E-01  0.2330E+01
  -1.160  0.9448E+00  0.2340E+01
  -1.150  0.2107E+01  0.2361E+01
  -1.140  0.1137E+01  0.2372E+01
  -1.130  0.1222E+00  0.2374E+01
  -1.120  0.2008E-02  0.2374E+01
  -1.110  0.4591E-05  0.2374E+01
  -1.100  0.1429E-08  0.2374E+01
  -1.090  0.6027E-13  0.2374E+01
  -1.080  0.3914E-18  0.2374E+01
  -1.070  0.1119E-13  0.2374E+01
  -1.060  0.3582E-09  0.2374E+01
  -1.050  0.1551E-05  0.2374E+01
  -1.040  0.9090E-03  0.2374E+01
  -1.030  0.7209E-01  0.2374E+01
  -1.020  0.7738E+00  0.2382E+01
  -1.010  0.1124E+01  0.2393E+01
  -1.000  0.2271E+00  0.2396E+01
  -0.990  0.2355E+00  0.2398E+01
  -0.980  0.1272E+01  0.2411E+01
  -0.970  0.1753E+01  0.2428E+01
  -0.960  0.1011E+01  0.2438E+01
  -0.950  0.1221E+00  0.2440E+01
  -0.940  0.2114E-02  0.2440E+01
  -0.930  0.5000E-05  0.2440E+01
  -0.920  0.3340E-04  0.2440E+01
  -0.910  0.8071E-02  0.2440E+01
  -0.900  0.2640E+00  0.2442E+01
  -0.890  0.1168E+01  0.2454E+01
  -0.880  0.6999E+00  0.2461E+01
  -0.870  0.5674E-01  0.2462E+01
  -0.860  0.6755E-03  0.2462E+01
  -0.850  0.1108E-01  0.2462E+01
  -0.840  0.3139E+00  0.2465E+01
  -0.830  0.1204E+01  0.2477E+01
  -0.820  0.6248E+00  0.2483E+01
  -0.810  0.4607E-01  0.2484E+01
  -0.800  0.1243E+00  0.2485E+01
  -0.790  0.9485E+00  0.2494E+01
  -0.780  0.9826E+00  0.2504E+01
  -0.770  0.1378E+00  0.2505E+01
  -0.760  0.2614E-02  0.2505E+01
  -0.750  0.6711E-05  0.2505E+01
  -0.740  0.2332E-08  0.2505E+01
  -0.730  0.1097E-12  0.2505E+01
  -0.720  0.6981E-18  0.2505E+01
  -0.710  0.6014E-24  0.2505E+01
  -0.700  0.9276E-29  0.2505E+01
  -0.690  0.4771E-22  0.2505E+01
  -0.680  0.3349E-16  0.2505E+01
  -0.670  0.3184E-11  0.2505E+01
  -0.660  0.4101E-07  0.2505E+01
  -0.650  0.7154E-04  0.2505E+01
  -0.640  0.1691E-01  0.2506E+01
  -0.630  0.5413E+00  0.2511E+01
  -0.620  0.2347E+01  0.2535E+01
  -0.610  0.1379E+01  0.2548E+01
  -0.600  0.1138E+00  0.2549E+01
  -0.590  0.1790E+00  0.2551E+01
  -0.580  0.1062E+01  0.2562E+01
  -0.570  0.8585E+00  0.2570E+01
  -0.560  0.9391E-01  0.2571E+01
  -0.550  0.1390E-02  0.2571E+01
  -0.540  0.2786E-05  0.2571E+01
  -0.530  0.7555E-09  0.2571E+01
  -0.520  0.2772E-13  0.2571E+01
  -0.510  0.1377E-18  0.2571E+01
  -0.500  0.9255E-25  0.2571E+01
  -0.490  0.8419E-32  0.2571E+01
  -0.480  0.1037E-39  0.2571E+01
  -0.470  0.1727E-48  0.2571E+01
  -0.460  0.5551E-48  0.2571E+01
  -0.450  0.2984E-39  0.2571E+01
  -0.440  0.2172E-31  0.2571E+01
  -0.430  0.2141E-24  0.2571E+01
  -0.420  0.2859E-18  0.2571E+01
  -0.410  0.5185E-13  0.2571E+01
  -0.400  0.1281E-08  0.2571E+01
  -0.390  0.4348E-05  0.2571E+01
  -0.380  0.2060E-02  0.2571E+01
  -0.370  0.1409E+00  0.2573E+01
  -0.360  0.1505E+01  0.2588E+01
  -0.350  0.3075E+01  0.2619E+01
  -0.340  0.1649E+01  0.2635E+01
  -0.330  0.2157E+00  0.2637E+01
  -0.320  0.4813E-02  0.2637E+01
  -0.310  0.1544E-04  0.2637E+01
  -0.300  0.6803E-08  0.2637E+01
  -0.290  0.4070E-12  0.2637E+01
  -0.280  0.3298E-17  0.2637E+01
  -0.270  0.3617E-23  0.2637E+01
  -0.260  0.5370E-30  0.2637E+01
  -0.250  0.1079E-37  0.2637E+01
  -0.240  0.2934E-46  0.2637E+01
  -0.230  0.4464E-50  0.2637E+01
  -0.220  0.3771E-41  0.2637E+01
  -0.210  0.4312E-33  0.2637E+01
  -0.200  0.6672E-26  0.2637E+01
  -0.190  0.1397E-19  0.2637E+01
  -0.180  0.3960E-14  0.2637E+01
  -0.170  0.1519E-09  0.2637E+01
  -0.160  0.7885E-06  0.2637E+01
  -0.150  0.5539E-03  0.2637E+01
  -0.140  0.5266E-01  0.2638E+01
  -0.130  0.6776E+00  0.2645E+01
  -0.120  0.1180E+01  0.2656E+01
  -0.110  0.2781E+00  0.2659E+01
  -0.100  0.8883E-02  0.2659E+01
  -0.090  0.4437E-02  0.2659E+01
  -0.080  0.1871E+00  0.2661E+01
  -0.070  0.1077E+01  0.2672E+01
  -0.060  0.8610E+00  0.2681E+01
  -0.050  0.5350E+00  0.2686E+01
  -0.040  0.1241E+01  0.2698E+01
  -0.030  0.4659E+00  0.2703E+01
  -0.020  0.2369E-01  0.2703E+01
  -0.010  0.1631E-03  0.2703E+01
  -0.000  0.1519E-06  0.2703E+01
   0.010  0.1914E-10  0.2703E+01
   0.020  0.3266E-15  0.2703E+01
   0.030  0.7540E-21  0.2703E+01
   0.040  0.7256E-27  0.2703E+01
   0.050  0.1430E-20  0.2703E+01
   0.060  0.5651E-15  0.2703E+01
   0.070  0.3022E-10  0.2703E+01
   0.080  0.2187E-06  0.2703E+01
   0.090  0.2142E-03  0.2703E+01
   0.100  0.2839E-01  0.2704E+01
   0.110  0.5092E+00  0.2709E+01
   0.120  0.1236E+01  0.2721E+01
   0.130  0.4061E+00  0.2725E+01
   0.140  0.1806E-01  0.2725E+01
   0.150  0.1086E-03  0.2725E+01
   0.160  0.8848E-07  0.2725E+01
   0.170  0.4032E-08  0.2725E+01
   0.180  0.1024E-04  0.2725E+01
   0.190  0.3529E-02  0.2725E+01
   0.200  0.1645E+00  0.2727E+01
   0.210  0.1038E+01  0.2737E+01
   0.220  0.8869E+00  0.2746E+01
   0.230  0.1025E+00  0.2747E+01
   0.240  0.1604E-02  0.2747E+01
   0.250  0.3395E-05  0.2747E+01
   0.260  0.4274E-08  0.2747E+01
   0.270  0.8788E-05  0.2747E+01
   0.280  0.3166E-02  0.2747E+01
   0.290  0.1544E+00  0.2749E+01
   0.300  0.1019E+01  0.2759E+01
   0.310  0.9097E+00  0.2768E+01
   0.320  0.1099E+00  0.2769E+01
   0.330  0.1798E-02  0.2769E+01
   0.340  0.1890E-03  0.2769E+01
   0.350  0.2577E-01  0.2769E+01
   0.360  0.4857E+00  0.2774E+01
   0.370  0.1239E+01  0.2787E+01
   0.380  0.4276E+00  0.2791E+01
   0.390  0.1997E-01  0.2791E+01
   0.400  0.1263E-03  0.2791E+01
   0.410  0.1080E-06  0.2791E+01
   0.420  0.1251E-10  0.2791E+01
   0.430  0.1961E-15  0.2791E+01
   0.440  0.6193E-14  0.2791E+01
   0.450  0.2198E-09  0.2791E+01
   0.460  0.1056E-05  0.2791E+01
   0.470  0.6862E-03  0.2791E+01
   0.480  0.6037E-01  0.2792E+01
   0.490  0.7187E+00  0.2799E+01
   0.500  0.1158E+01  0.2811E+01
   0.510  0.2525E+00  0.2813E+01
   0.520  0.7452E-02  0.2813E+01
   0.530  0.2976E-04  0.2813E+01
   0.540  0.1609E-07  0.2813E+01
   0.550  0.1177E-11  0.2813E+01
   0.560  0.1166E-16  0.2813E+01
   0.570  0.3294E-14  0.2813E+01
   0.580  0.1304E-09  0.2813E+01
   0.590  0.6989E-06  0.2813E+01
   0.600  0.5069E-03  0.2813E+01
   0.610  0.4975E-01  0.2814E+01
   0.620  0.6609E+00  0.2820E+01
   0.630  0.1188E+01  0.2832E+01
   0.640  0.2891E+00  0.2835E+01
   0.650  0.1120E-01  0.2835E+01
   0.660  0.1057E+00  0.2836E+01
   0.670  0.8969E+00  0.2845E+01
   0.680  0.1030E+01  0.2856E+01
   0.690  0.1601E+00  0.2857E+01
   0.700  0.3366E-02  0.2857E+01
   0.710  0.9582E-05  0.2857E+01
   0.720  0.3691E-08  0.2857E+01
   0.730  0.1073E-11  0.2857E+01
   0.740  0.1271E-07  0.2857E+01
   0.750  0.2485E-04  0.2857E+01
   0.760  0.6575E-02  0.2857E+01
   0.770  0.2354E+00  0.2860E+01
   0.780  0.1141E+01  0.2871E+01
   0.790  0.7480E+00  0.2878E+01
   0.800  0.6638E-01  0.2879E+01
   0.810  0.7972E-03  0.2879E+01
   0.820  0.1296E-05  0.2879E+01
   0.830  0.2851E-09  0.2879E+01
   0.840  0.3542E-12  0.2879E+01
   0.850  0.5951E-08  0.2879E+01
   0.860  0.1386E-04  0.2879E+01
   0.870  0.4369E-02  0.2879E+01
   0.880  0.1864E+00  0.2881E+01
   0.890  0.1076E+01  0.2892E+01
   0.900  0.8407E+00  0.2900E+01
   0.910  0.8890E-01  0.2901E+01
   0.920  0.1272E-02  0.2901E+01
   0.930  0.2464E-05  0.2901E+01
   0.940  0.6458E-09  0.2901E+01
   0.950  0.2291E-13  0.2901E+01
   0.960  0.1100E-18  0.2901E+01
   0.970  0.7146E-25  0.2901E+01
   0.980  0.6331E-32  0.2901E+01
   0.990  0.9865E-27  0.2901E+01
   1.000  0.2767E-20  0.2901E+01
   1.010  0.1059E-14  0.2901E+01
   1.020  0.5538E-10  0.2901E+01
   1.030  0.3964E-06  0.2901E+01
   1.040  0.3889E-03  0.2901E+01
   1.050  0.5237E-01  0.2902E+01
   1.060  0.9694E+00  0.2911E+01
   1.070  0.2468E+01  0.2936E+01
   1.080  0.8643E+00  0.2945E+01
   1.090  0.4163E-01  0.2945E+01
   1.100  0.2756E-03  0.2945E+01
   1.110  0.2504E-06  0.2945E+01
   1.120  0.4046E-09  0.2945E+01
   1.130  0.1603E-05  0.2945E+01
   1.140  0.9309E-03  0.2945E+01
   1.150  0.7318E-01  0.2946E+01
   1.160  0.7785E+00  0.2954E+01
   1.170  0.1121E+01  0.2965E+01
   1.180  0.2184E+00  0.2967E+01
   1.190  0.5760E-02  0.2967E+01
   1.200  0.2056E-04  0.2967E+01
   1.210  0.9929E-08  0.2967E+01
   1.220  0.6490E-12  0.2967E+01
   1.230  0.5742E-17  0.2967E+01
   1.240  0.6874E-23  0.2967E+01
   1.250  0.1114E-29  0.2967E+01
   1.260  0.2442E-37  0.2967E+01
   1.270  0.2386E-34  0.2967E+01
   1.280  0.5119E-27  0.2967E+01
   1.290  0.1486E-20  0.2967E+01
   1.300  0.5840E-15  0.2967E+01
   1.310  0.3106E-10  0.2967E+01
   1.320  0.2235E-06  0.2967E+01
   1.330  0.2177E-03  0.2967E+01
   1.340  0.2869E-01  0.2967E+01
   1.350  0.5118E+00  0.2972E+01
   1.360  0.1236E+01  0.2985E+01
   1.370  0.4037E+00  0.2989E+01
   1.380  0.1785E-01  0.2989E+01
   1.390  0.1068E-03  0.2989E+01
   1.400  0.8691E-07  0.2989E+01
   1.410  0.1665E-05  0.2989E+01
   1.420  0.9570E-03  0.2989E+01
   1.430  0.7446E-01  0.2990E+01
   1.440  0.7840E+00  0.2998E+01
   1.450  0.1117E+01  0.3009E+01
   1.460  0.2310E+00  0.3011E+01
   1.470  0.3815E+00  0.3015E+01
   1.480  0.1229E+01  0.3027E+01
   1.490  0.5442E+00  0.3033E+01
   1.500  0.3260E-01  0.3033E+01
   1.510  0.2643E-03  0.3033E+01
   1.520  0.2899E-06  0.3033E+01
   1.530  0.4305E-10  0.3033E+01
   1.540  0.8651E-15  0.3033E+01
   1.550  0.2353E-20  0.3033E+01
   1.560  0.8659E-27  0.3033E+01
   1.570  0.3321E-27  0.3033E+01
   1.580  0.1018E-20  0.3033E+01
   1.590  0.4224E-15  0.3033E+01
   1.600  0.2372E-10  0.3033E+01
   1.610  0.1803E-06  0.3033E+01
   1.620  0.1858E-03  0.3033E+01
   1.630  0.2618E-01  0.3033E+01
   1.640  0.5277E+00  0.3039E+01
   1.650  0.1850E+01  0.3057E+01
   1.660  0.1636E+01  0.3073E+01
   1.670  0.3437E+00  0.3077E+01
   1.680  0.2899E-01  0.3077E+01
   1.690  0.3954E+00  0.3081E+01
   1.700  0.1234E+01  0.3093E+01
   1.710  0.5268E+00  0.3099E+01
   1.720  0.2423E+00  0.3101E+01
   1.730  0.1115E+01  0.3112E+01
   1.740  0.8625E+00  0.3121E+01
   1.750  0.8832E+00  0.3130E+01
   1.760  0.1657E+01  0.3146E+01
   1.770  0.1451E+01  0.3161E+01
   1.780  0.3907E+00  0.3165E+01
   1.790  0.1629E-01  0.3165E+01
   1.800  0.9314E-04  0.3165E+01
   1.810  0.7214E-07  0.3165E+01
   1.820  0.1283E-06  0.3165E+01
   1.830  0.1437E-03  0.3165E+01
   1.840  0.2178E-01  0.3165E+01
   1.850  0.4467E+00  0.3170E+01
   1.860  0.1245E+01  0.3182E+01
   1.870  0.6630E+00  0.3189E+01
   1.880  0.1117E+01  0.3200E+01
   1.890  0.8630E+00  0.3208E+01
   1.900  0.7081E+00  0.3215E+01
   1.910  0.1205E+01  0.3228E+01
   1.920  0.3299E+00  0.3231E+01
   1.930  0.3947E+00  0.3235E+01
   1.940  0.1232E+01  0.3247E+01
   1.950  0.5566E+00  0.3253E+01
   1.960  0.4769E+00  0.3257E+01
   1.970  0.1240E+01  0.3270E+01
   1.980  0.4669E+00  0.3274E+01
   1.990  0.2380E-01  0.3275E+01
   2.000  0.1610E-02  0.3275E+01
   2.010  0.9844E-01  0.3276E+01
   2.020  0.9998E+00  0.3286E+01
   2.030  0.2031E+01  0.3306E+01
   2.040  0.1131E+01  0.3317E+01
   2.050  0.1309E+00  0.3319E+01
   2.060  0.2297E-02  0.3319E+01
   2.070  0.1208E-02  0.3319E+01
   2.080  0.8585E-01  0.3320E+01
   2.090  0.8295E+00  0.3328E+01
   2.100  0.1085E+01  0.3339E+01
   2.110  0.1919E+00  0.3341E+01
   2.120  0.4596E-02  0.3341E+01
   2.130  0.1490E-04  0.3341E+01
   2.140  0.6534E-08  0.3341E+01
   2.150  0.4439E-12  0.3341E+01
   2.160  0.1345E-08  0.3341E+01
   2.170  0.4371E-05  0.3341E+01
   2.180  0.1923E-02  0.3341E+01
   2.190  0.1145E+00  0.3342E+01
   2.200  0.9230E+00  0.3351E+01
   2.210  0.1016E+01  0.3361E+01
   2.220  0.4982E+00  0.3366E+01
   2.230  0.2004E+01  0.3386E+01
   2.240  0.1783E+01  0.3404E+01
   2.250  0.2468E+00  0.3407E+01
   2.260  0.5129E-02  0.3407E+01
   2.270  0.1539E-04  0.3407E+01
   2.280  0.9608E-08  0.3407E+01
   2.290  0.8447E-05  0.3407E+01
   2.300  0.3078E-02  0.3407E+01
   2.310  0.1518E+00  0.3408E+01
   2.320  0.1014E+01  0.3418E+01
   2.330  0.9571E+00  0.3428E+01
   2.340  0.7216E+00  0.3435E+01
   2.350  0.1211E+01  0.3447E+01
   2.360  0.3259E+00  0.3450E+01
   2.370  0.1187E+00  0.3452E+01
   2.380  0.1364E+01  0.3465E+01
   2.390  0.2355E+01  0.3489E+01
   2.400  0.5507E+00  0.3494E+01
   2.410  0.1743E-01  0.3495E+01
   2.420  0.7470E-04  0.3495E+01
   2.430  0.4334E-07  0.3495E+01
   2.440  0.3404E-11  0.3495E+01
   2.450  0.3620E-16  0.3495E+01
   2.460  0.1569E-17  0.3495E+01
   2.470  0.2174E-12  0.3495E+01
   2.480  0.4077E-08  0.3495E+01
   2.490  0.1035E-04  0.3495E+01
   2.500  0.3555E-02  0.3495E+01
   2.510  0.1653E+00  0.3496E+01
   2.520  0.1040E+01  0.3507E+01
   2.530  0.9183E+00  0.3516E+01
   2.540  0.6489E+00  0.3522E+01
   2.550  0.1243E+01  0.3535E+01
   2.560  0.7045E+00  0.3542E+01
   2.570  0.1228E+01  0.3554E+01
   2.580  0.6017E+00  0.3560E+01
   2.590  0.4039E-01  0.3560E+01
   2.600  0.7888E-03  0.3560E+01
   2.610  0.4420E-01  0.3561E+01
   2.620  0.6268E+00  0.3567E+01
   2.630  0.1203E+01  0.3579E+01
   2.640  0.3125E+00  0.3582E+01
   2.650  0.1098E-01  0.3582E+01
   2.660  0.5225E-04  0.3582E+01
   2.670  0.3374E-07  0.3582E+01
   2.680  0.5479E-06  0.3582E+01
   2.690  0.4236E-03  0.3582E+01
   2.700  0.4432E-01  0.3583E+01
   2.710  0.6276E+00  0.3589E+01
   2.720  0.1207E+01  0.3601E+01
   2.730  0.4919E+00  0.3606E+01
   2.740  0.1077E+01  0.3617E+01
   2.750  0.8540E+00  0.3625E+01
   2.760  0.9261E-01  0.3626E+01
   2.770  0.1713E-02  0.3626E+01
   2.780  0.3945E-01  0.3627E+01
   2.790  0.5968E+00  0.3633E+01
   2.800  0.1323E+01  0.3646E+01
   2.810  0.1240E+01  0.3658E+01
   2.820  0.1036E+01  0.3669E+01
   2.830  0.1566E+00  0.3670E+01
   2.840  0.3243E-02  0.3670E+01
   2.850  0.9637E-05  0.3670E+01
   2.860  0.4331E-03  0.3670E+01
   2.870  0.4821E-01  0.3671E+01
   2.880  0.8060E+00  0.3679E+01
   2.890  0.2269E+01  0.3702E+01
   2.900  0.1167E+01  0.3713E+01
   2.910  0.1047E+00  0.3714E+01
   2.920  0.7911E-01  0.3715E+01
   2.930  0.7975E+00  0.3723E+01
   2.940  0.1108E+01  0.3734E+01
   2.950  0.2083E+00  0.3736E+01
   2.960  0.6792E-02  0.3736E+01
   2.970  0.9815E-01  0.3737E+01
   2.980  0.8727E+00  0.3746E+01
   2.990  0.1051E+01  0.3756E+01
   3.000  0.2127E+00  0.3759E+01
   3.010  0.1195E+01  0.3771E+01
   3.020  0.5549E+01  0.3826E+01
   3.030  0.5995E+01  0.3886E+01
   3.040  0.4072E+01  0.3927E+01
   3.050  0.2532E+01  0.3952E+01
   3.060  0.3843E+01  0.3990E+01
   3.070  0.2199E+01  0.4012E+01
   3.080  0.2810E+01  0.4041E+01
   3.090  0.3823E+01  0.4079E+01
   3.100  0.1811E+01  0.4097E+01
   3.110  0.1375E+01  0.4111E+01
   3.120  0.2689E+01  0.4138E+01
   3.130  0.3240E+01  0.4170E+01
   3.140  0.5720E+00  0.4176E+01
   3.150  0.3941E-01  0.4176E+01
   3.160  0.7975E+00  0.4184E+01
   3.170  0.3475E+01  0.4219E+01
   3.180  0.2114E+01  0.4240E+01
   3.190  0.1788E+00  0.4242E+01
   3.200  0.5767E-02  0.4242E+01
   3.210  0.2407E+00  0.4244E+01
   3.220  0.2327E+01  0.4267E+01
   3.230  0.3353E+01  0.4301E+01
   3.240  0.1404E+01  0.4315E+01
   3.250  0.2719E+01  0.4342E+01
   3.260  0.2597E+01  0.4368E+01
   3.270  0.6516E+00  0.4375E+01
   3.280  0.1644E+01  0.4391E+01
   3.290  0.3534E+01  0.4426E+01
   3.300  0.1241E+01  0.4439E+01
   3.310  0.6576E-01  0.4440E+01
   3.320  0.5037E-03  0.4440E+01
   3.330  0.2573E-02  0.4440E+01
   3.340  0.1543E+00  0.4441E+01
   3.350  0.1581E+01  0.4457E+01
   3.360  0.3356E+01  0.4490E+01
   3.370  0.1434E+01  0.4505E+01
   3.380  0.9580E+00  0.4514E+01
   3.390  0.4284E+01  0.4557E+01
   3.400  0.4658E+01  0.4604E+01
   3.410  0.2803E+01  0.4632E+01
   3.420  0.1544E+01  0.4647E+01
   3.430  0.3334E+01  0.4681E+01
   3.440  0.4293E+01  0.4724E+01
   3.450  0.2620E+01  0.4750E+01
   3.460  0.1463E+01  0.4764E+01
   3.470  0.4579E+00  0.4769E+01
   3.480  0.4475E-01  0.4769E+01
   3.490  0.4516E+00  0.4774E+01
   3.500  0.1241E+01  0.4786E+01
   3.510  0.5623E+00  0.4792E+01
   3.520  0.1356E+01  0.4806E+01
   3.530  0.2403E+01  0.4830E+01
   3.540  0.1110E+01  0.4841E+01
   3.550  0.1443E+01  0.4855E+01
   3.560  0.1470E+01  0.4870E+01
   3.570  0.8431E+00  0.4878E+01
   3.580  0.8598E-01  0.4879E+01
   3.590  0.6385E-01  0.4880E+01
   3.600  0.7453E+00  0.4887E+01
   3.610  0.1672E+01  0.4904E+01
   3.620  0.2765E+01  0.4932E+01
   3.630  0.2514E+01  0.4957E+01
   3.640  0.9448E+00  0.4966E+01
   3.650  0.9000E-01  0.4967E+01
   3.660  0.1691E+00  0.4969E+01
   3.670  0.1290E+01  0.4982E+01
   3.680  0.2062E+01  0.5002E+01
   3.690  0.8148E+00  0.5010E+01
   3.700  0.1854E+00  0.5012E+01
   3.710  0.1225E+01  0.5025E+01
   3.720  0.2982E+01  0.5054E+01
   3.730  0.2035E+01  0.5075E+01
   3.740  0.6841E+00  0.5082E+01
   3.750  0.1244E+01  0.5094E+01
   3.760  0.4695E+00  0.5099E+01
   3.770  0.2406E-01  0.5099E+01
   3.780  0.1669E-03  0.5099E+01
   3.790  0.5256E-04  0.5099E+01
   3.800  0.1103E-01  0.5099E+01
   3.810  0.3230E+00  0.5102E+01
   3.820  0.1685E+01  0.5119E+01
   3.830  0.3716E+01  0.5156E+01
   3.840  0.2733E+01  0.5184E+01
   3.850  0.3179E+00  0.5187E+01
   3.860  0.3171E-01  0.5187E+01
   3.870  0.4936E+00  0.5192E+01
   3.880  0.1238E+01  0.5204E+01
   3.890  0.4202E+00  0.5209E+01
   3.900  0.1991E-01  0.5209E+01
   3.910  0.5590E-01  0.5209E+01
   3.920  0.6950E+00  0.5216E+01
   3.930  0.1207E+01  0.5228E+01
   3.940  0.1082E+01  0.5239E+01
   3.950  0.2566E+01  0.5265E+01
   3.960  0.1843E+01  0.5283E+01
   3.970  0.1143E+01  0.5295E+01
   3.980  0.1941E+00  0.5297E+01
   3.990  0.4039E-01  0.5297E+01
   4.000  0.5686E+00  0.5303E+01
   4.010  0.1259E+01  0.5315E+01
   4.020  0.9272E+00  0.5325E+01
   4.030  0.1236E+01  0.5337E+01
   4.040  0.3543E+00  0.5341E+01
   4.050  0.2323E-01  0.5341E+01
   4.060  0.3874E+00  0.5345E+01
   4.070  0.2174E+01  0.5366E+01
   4.080  0.1652E+01  0.5383E+01
   4.090  0.1699E+00  0.5385E+01
   4.100  0.2365E-02  0.5385E+01
   4.110  0.5140E-03  0.5385E+01
   4.120  0.4992E-01  0.5385E+01
   4.130  0.6619E+00  0.5392E+01
   4.140  0.1188E+01  0.5404E+01
   4.150  0.2982E+00  0.5407E+01
   4.160  0.3023E+00  0.5410E+01
   4.170  0.1198E+01  0.5422E+01
   4.180  0.1001E+01  0.5432E+01
   4.190  0.2597E+01  0.5458E+01
   4.200  0.4046E+01  0.5498E+01
   4.210  0.1705E+01  0.5515E+01
   4.220  0.1388E+00  0.5516E+01
   4.230  0.1125E+00  0.5518E+01
   4.240  0.1052E+01  0.5528E+01
   4.250  0.2030E+01  0.5548E+01
   4.260  0.1080E+01  0.5559E+01
   4.270  0.1179E+00  0.5560E+01
   4.280  0.1935E-02  0.5560E+01
   4.290  0.4383E-05  0.5560E+01
   4.300  0.1436E-05  0.5560E+01
   4.310  0.1033E-02  0.5560E+01
   4.320  0.1007E+00  0.5561E+01
   4.330  0.1329E+01  0.5575E+01
   4.340  0.2373E+01  0.5598E+01
   4.350  0.5755E+00  0.5604E+01
   4.360  0.1695E+00  0.5606E+01
   4.370  0.1527E+01  0.5621E+01
   4.380  0.2231E+01  0.5643E+01
   4.390  0.4708E+00  0.5648E+01
   4.400  0.1427E-01  0.5648E+01
   4.410  0.6136E-04  0.5648E+01
   4.420  0.3697E-07  0.5648E+01
   4.430  0.2660E-09  0.5648E+01
   4.440  0.1407E-05  0.5648E+01
   4.450  0.1018E-02  0.5648E+01
   4.460  0.9980E-01  0.5649E+01
   4.470  0.1324E+01  0.5663E+01
   4.480  0.2378E+01  0.5686E+01
   4.490  0.7405E+00  0.5694E+01
   4.500  0.1621E+01  0.5710E+01
   4.510  0.2825E+01  0.5738E+01
   4.520  0.1662E+01  0.5755E+01
   4.530  0.3320E+00  0.5758E+01
   4.540  0.2282E+00  0.5760E+01
   4.550  0.1119E+01  0.5772E+01
   4.560  0.7808E+00  0.5779E+01
   4.570  0.7401E-01  0.5780E+01
   4.580  0.4980E-01  0.5781E+01
   4.590  0.1187E+01  0.5793E+01
   4.600  0.4694E+01  0.5840E+01
   4.610  0.5488E+01  0.5894E+01
   4.620  0.6177E+01  0.5956E+01
   4.630  0.3255E+01  0.5989E+01
   4.640  0.3662E+01  0.6025E+01
   4.650  0.1763E+01  0.6043E+01
   4.660  0.9750E+00  0.6053E+01
   4.670  0.2477E+01  0.6077E+01
   4.680  0.9889E+00  0.6087E+01
   4.690  0.1035E+00  0.6088E+01
   4.700  0.9601E+00  0.6098E+01
   4.710  0.2600E+01  0.6124E+01
   4.720  0.1810E+01  0.6142E+01
   4.730  0.1031E+01  0.6152E+01
   4.740  0.2518E+00  0.6155E+01
   4.750  0.1443E+01  0.6169E+01
   4.760  0.3369E+01  0.6203E+01
   4.770  0.3519E+01  0.6238E+01
   4.780  0.3100E+01  0.6269E+01
   4.790  0.1580E+01  0.6285E+01
   4.800  0.1247E+01  0.6298E+01
   4.810  0.3285E+01  0.6330E+01
   4.820  0.1936E+01  0.6350E+01
   4.830  0.1890E+00  0.6352E+01
   4.840  0.2675E-02  0.6352E+01
   4.850  0.9272E-03  0.6352E+01
   4.860  0.9372E-01  0.6353E+01
   4.870  0.1305E+01  0.6366E+01
   4.880  0.2803E+01  0.6394E+01
   4.890  0.1840E+01  0.6412E+01
   4.900  0.6052E+00  0.6418E+01
   4.910  0.1287E+01  0.6431E+01
   4.920  0.3146E+01  0.6462E+01
   4.930  0.1869E+01  0.6481E+01
   4.940  0.1193E+01  0.6493E+01
   4.950  0.2488E+01  0.6518E+01
   4.960  0.9091E+00  0.6527E+01
   4.970  0.4510E-01  0.6527E+01
   4.980  0.3028E-03  0.6527E+01
   4.990  0.1030E-05  0.6527E+01
   5.000  0.6972E-03  0.6527E+01
   5.010  0.8985E-01  0.6528E+01
   5.020  0.1663E+01  0.6545E+01
   5.030  0.4735E+01  0.6592E+01
   5.040  0.2879E+01  0.6621E+01
   5.050  0.1479E+01  0.6636E+01
   5.060  0.2016E+01  0.6656E+01
   5.070  0.3530E+01  0.6691E+01
   5.080  0.1372E+01  0.6705E+01
   5.090  0.1209E+01  0.6717E+01
   5.100  0.1103E+01  0.6728E+01
   5.110  0.2189E+01  0.6750E+01
   5.120  0.1719E+01  0.6767E+01
   5.130  0.1883E+00  0.6769E+01
   5.140  0.2792E-02  0.6769E+01
   5.150  0.5606E-05  0.6769E+01
   5.160  0.6636E-05  0.6769E+01
   5.170  0.2613E-02  0.6769E+01
   5.180  0.1449E+00  0.6771E+01
   5.190  0.1344E+01  0.6784E+01
   5.200  0.3606E+01  0.6820E+01
   5.210  0.5032E+01  0.6871E+01
   5.220  0.2764E+01  0.6898E+01
   5.230  0.2888E+00  0.6901E+01
   5.240  0.2580E-01  0.6901E+01
   5.250  0.4430E+00  0.6906E+01
   5.260  0.1240E+01  0.6918E+01
   5.270  0.4709E+00  0.6923E+01
   5.280  0.1450E+00  0.6924E+01
   5.290  0.1439E+01  0.6939E+01
   5.300  0.2316E+01  0.6962E+01
   5.310  0.5237E+00  0.6967E+01
   5.320  0.4344E+00  0.6971E+01
   5.330  0.1269E+01  0.6984E+01
   5.340  0.1494E+01  0.6999E+01
   5.350  0.4591E+01  0.7045E+01
   5.360  0.2930E+01  0.7074E+01
   5.370  0.2836E+00  0.7077E+01
   5.380  0.6417E+00  0.7084E+01
   5.390  0.2974E+01  0.7113E+01
   5.400  0.2507E+01  0.7138E+01
   5.410  0.4388E+00  0.7143E+01
   5.420  0.1418E-01  0.7143E+01
   5.430  0.9449E-02  0.7143E+01
   5.440  0.3021E+00  0.7146E+01
   5.450  0.1580E+01  0.7162E+01
   5.460  0.1934E+01  0.7181E+01
   5.470  0.1702E+01  0.7198E+01
   5.480  0.5558E+01  0.7254E+01
   5.490  0.3899E+01  0.7293E+01
   5.500  0.3949E+00  0.7297E+01
   5.510  0.5706E-02  0.7297E+01
   5.520  0.1262E-04  0.7297E+01
   5.530  0.6551E-03  0.7297E+01
   5.540  0.6127E-01  0.7297E+01
   5.550  0.8806E+00  0.7306E+01
   5.560  0.2819E+01  0.7334E+01
   5.570  0.3604E+01  0.7370E+01
   5.580  0.1760E+01  0.7388E+01
   5.590  0.3013E+01  0.7418E+01
   5.600  0.2875E+01  0.7447E+01
   5.610  0.8073E+00  0.7455E+01
   5.620  0.1251E+01  0.7467E+01
   5.630  0.7685E+00  0.7475E+01
   5.640  0.2394E+01  0.7499E+01
   5.650  0.3526E+01  0.7534E+01
   5.660  0.1896E+01  0.7553E+01
   5.670  0.1232E+01  0.7566E+01
   5.680  0.3261E+01  0.7598E+01
   5.690  0.2690E+01  0.7625E+01
   5.700  0.2597E+01  0.7651E+01
   5.710  0.5010E+01  0.7701E+01
   5.720  0.2416E+01  0.7725E+01
   5.730  0.2169E+01  0.7747E+01
   5.740  0.5850E+01  0.7806E+01
   5.750  0.7355E+01  0.7879E+01
   5.760  0.8262E+01  0.7962E+01
   5.770  0.3592E+01  0.7998E+01
   5.780  0.2358E+00  0.8000E+01
   5.790  0.2109E-02  0.8000E+01
   5.800  0.2555E-05  0.8000E+01
   5.810  0.4189E-09  0.8000E+01
   5.820  0.9293E-14  0.8000E+01
   5.830  0.2790E-19  0.8000E+01
   5.840  0.1134E-25  0.8000E+01
   5.850  0.6236E-33  0.8000E+01
   5.860  0.4641E-41  0.8000E+01
   5.870  0.4675E-50  0.8000E+01
   5.880  0.6373E-60  0.8000E+01
   5.890  0.1176E-70  0.8000E+01
   5.900  0.3059E-82  0.8000E+01
   5.910  0.1249E-83  0.8000E+01
   5.920  0.1249E-83  0.8000E+01
   5.930  0.1249E-83  0.8000E+01
   5.940  0.1249E-83  0.8000E+01
   5.950  0.1249E-83  0.8000E+01
   5.960  0.1249E-83  0.8000E+01
   5.970  0.1249E-83  0.8000E+01
   5.980  0.1249E-83  0.8000E+01
   5.990  0.1249E-83  0.8000E+01
   6.000  0.1249E-83  0.8000E+01
   6.010  0.1249E-83  0.8000E+01
   6.020  0.1249E-83  0.8000E+01
   6.030  0.1249E-83  0.8000E+01
   6.040  0.1249E-83  0.8000E+01
   6.050  0.1249E-83  0.8000E+01
   6.060  0.1249E-83  0.8000E+01
   6.070  0.1249E-83  0.8000E+01
   6.080  0.1249E-83  0.8000E+01
   6.090  0.1249E-83  0.8000E+01
   6.100  0.1249E-83  0.8000E+01
   6.110  0.1249E-83  0.8000E+01
   6.120  0.1249E-83  0.8000E+01
   6.130  0.1249E-83  0.8000E+01
   6.140  0.1249E-83  0.8000E+01
   6.150  0.1249E-83  0.8000E+01
   6.160  0.1249E-83  0.8000E+01
   6.170  0.1249E-83  0.8000E+01
   6.180  0.1249E-83  0.8000E+01
   6.190  0.1249E-83  0.8000E+01
   6.200  0.1249E-83  0.8000E+01
   6.210  0.1249E-83  0.8000E+01
   6.220  0.1249E-83  0.8000E+01
   6.230  0.1249E-83  0.8000E+01
   6.240  0.1249E-83  0.8000E+01
   6.250  0.1249E-83  0.8000E+01
   6.260  0.1249E-83  0.8000E+01
   6.270  0.2870E-83  0.8000E+01
   6.280  0.7038E-72  0.8000E+01
   6.290  0.4131E-61  0.8000E+01
   6.300  0.3281E-51  0.8000E+01
   6.310  0.3527E-42  0.8000E+01
   6.320  0.5131E-34  0.8000E+01
   6.330  0.1010E-26  0.8000E+01
   6.340  0.2694E-20  0.8000E+01
   6.350  0.9729E-15  0.8000E+01
   6.360  0.4769E-10  0.8000E+01
   6.370  0.3190E-06  0.8000E+01
   6.380  0.2958E-03  0.8000E+01
   6.390  0.3965E-01  0.8000E+01
   6.400  0.8435E+00  0.8009E+01
   6.410  0.3232E+01  0.8041E+01
   6.420  0.2854E+01  0.8070E+01
   6.430  0.2627E+01  0.8096E+01
   6.440  0.1331E+01  0.8109E+01
   6.450  0.9319E+00  0.8119E+01
   6.460  0.2457E+01  0.8143E+01
   6.470  0.1009E+01  0.8153E+01
   6.480  0.9535E-01  0.8154E+01
   6.490  0.8287E+00  0.8163E+01
   6.500  0.2473E+01  0.8187E+01
   6.510  0.1001E+01  0.8197E+01
   6.520  0.5520E-01  0.8198E+01
   6.530  0.3712E-01  0.8198E+01
   6.540  0.8782E+00  0.8207E+01
   6.550  0.3857E+01  0.8246E+01
   6.560  0.3602E+01  0.8282E+01
   6.570  0.1692E+01  0.8298E+01
   6.580  0.8941E+00  0.8307E+01
   6.590  0.8878E+00  0.8316E+01
   6.600  0.2597E+01  0.8342E+01
   6.610  0.3025E+01  0.8373E+01
   6.620  0.2120E+01  0.8394E+01
   6.630  0.1738E+01  0.8411E+01
   6.640  0.6114E+00  0.8417E+01
   6.650  0.4250E-01  0.8418E+01
   6.660  0.2432E+00  0.8420E+01
   6.670  0.1855E+01  0.8439E+01
   6.680  0.2013E+01  0.8459E+01
   6.690  0.7845E+00  0.8467E+01
   6.700  0.1246E+01  0.8479E+01
   6.710  0.5031E+00  0.8484E+01
   6.720  0.8076E+00  0.8492E+01
   6.730  0.1121E+01  0.8503E+01
   6.740  0.4637E+00  0.8508E+01
   6.750  0.1706E+01  0.8525E+01
   6.760  0.2009E+01  0.8545E+01
   6.770  0.4726E+00  0.8550E+01
   6.780  0.9454E+00  0.8559E+01
   6.790  0.2392E+01  0.8583E+01
   6.800  0.9574E+00  0.8593E+01
   6.810  0.5909E-01  0.8593E+01
   6.820  0.3998E-01  0.8594E+01
   6.830  0.5954E+00  0.8600E+01
   6.840  0.1256E+01  0.8612E+01
   6.850  0.9428E+00  0.8622E+01
   6.860  0.1223E+01  0.8634E+01
   6.870  0.3274E+00  0.8637E+01
   6.880  0.6935E-01  0.8638E+01
   6.890  0.7036E+00  0.8645E+01
   6.900  0.1167E+01  0.8657E+01
   6.910  0.2746E+00  0.8659E+01
   6.920  0.4005E+00  0.8663E+01
   6.930  0.1942E+01  0.8683E+01
   6.940  0.1754E+01  0.8700E+01
   6.950  0.2863E+00  0.8703E+01
   6.960  0.9437E-02  0.8703E+01
   6.970  0.1551E+00  0.8705E+01
   6.980  0.1855E+01  0.8723E+01
   6.990  0.4598E+01  0.8769E+01
   7.000  0.3764E+01  0.8807E+01
   7.010  0.2497E+01  0.8832E+01
   7.020  0.3623E+01  0.8868E+01
   7.030  0.2604E+01  0.8894E+01
   7.040  0.1456E+01  0.8909E+01
   7.050  0.1180E+01  0.8921E+01
   7.060  0.2369E+00  0.8923E+01
   7.070  0.1175E+00  0.8924E+01
   7.080  0.9128E+00  0.8933E+01
   7.090  0.1016E+01  0.8944E+01
   7.100  0.1531E+00  0.8945E+01
   7.110  0.2045E-01  0.8945E+01
   7.120  0.4521E+00  0.8950E+01
   7.130  0.2115E+01  0.8971E+01
   7.140  0.3557E+01  0.9006E+01
   7.150  0.3847E+01  0.9045E+01
   7.160  0.1900E+01  0.9064E+01
   7.170  0.1503E+01  0.9079E+01
   7.180  0.1711E+01  0.9096E+01
   7.190  0.1750E+01  0.9114E+01
   7.200  0.6834E+00  0.9120E+01
   7.210  0.1033E+00  0.9121E+01
   7.220  0.8322E+00  0.9130E+01
   7.230  0.2248E+01  0.9152E+01
   7.240  0.1784E+01  0.9170E+01
   7.250  0.1333E+01  0.9183E+01
   7.260  0.5275E+00  0.9189E+01
   7.270  0.1140E+01  0.9200E+01
   7.280  0.1664E+01  0.9217E+01
   7.290  0.3305E+01  0.9250E+01
   7.300  0.2238E+01  0.9272E+01
   7.310  0.2842E+00  0.9275E+01
   7.320  0.5521E+00  0.9281E+01
   7.330  0.1432E+01  0.9295E+01
   7.340  0.1482E+01  0.9310E+01
   7.350  0.1018E+01  0.9320E+01
   7.360  0.1169E+01  0.9332E+01
   7.370  0.8308E+00  0.9340E+01
   7.380  0.3368E+00  0.9343E+01
   7.390  0.1840E+01  0.9362E+01
   7.400  0.1978E+01  0.9381E+01
   7.410  0.3142E+00  0.9385E+01
   7.420  0.7546E-02  0.9385E+01
   7.430  0.3667E-01  0.9385E+01
   7.440  0.7315E+00  0.9392E+01
   7.450  0.2371E+01  0.9416E+01
   7.460  0.1933E+01  0.9435E+01
   7.470  0.1608E+01  0.9451E+01
   7.480  0.1495E+01  0.9466E+01
   7.490  0.9934E+00  0.9476E+01
   7.500  0.1273E+01  0.9489E+01
   7.510  0.5172E+00  0.9494E+01
   7.520  0.2957E-01  0.9495E+01
   7.530  0.3993E-01  0.9495E+01
   7.540  0.8016E+00  0.9503E+01
   7.550  0.2402E+01  0.9527E+01
   7.560  0.1080E+01  0.9538E+01
   7.570  0.7239E-01  0.9538E+01
   7.580  0.2449E-01  0.9539E+01
   7.590  0.5609E+00  0.9544E+01
   7.600  0.2160E+01  0.9566E+01
   7.610  0.1574E+01  0.9582E+01
   7.620  0.1097E+01  0.9593E+01
   7.630  0.1790E+01  0.9611E+01
   7.640  0.2200E+01  0.9633E+01
   7.650  0.1767E+01  0.9650E+01
   7.660  0.1436E+01  0.9665E+01
   7.670  0.5449E+00  0.9670E+01
   7.680  0.3210E-01  0.9670E+01
   7.690  0.9876E-03  0.9670E+01
   7.700  0.7893E-01  0.9671E+01
   7.710  0.1184E+01  0.9683E+01
   7.720  0.2668E+01  0.9710E+01
   7.730  0.1840E+01  0.9728E+01
   7.740  0.7588E+00  0.9736E+01
   7.750  0.6321E-01  0.9736E+01
   7.760  0.1414E-01  0.9736E+01
   7.770  0.3477E+00  0.9740E+01
   7.780  0.1220E+01  0.9752E+01
   7.790  0.5949E+00  0.9758E+01
   7.800  0.4139E+00  0.9762E+01
   7.810  0.1249E+01  0.9775E+01
   7.820  0.1111E+01  0.9786E+01
   7.830  0.2474E+01  0.9811E+01
   7.840  0.2154E+01  0.9832E+01
   7.850  0.1203E+01  0.9844E+01
   7.860  0.2029E+00  0.9846E+01
   7.870  0.5014E-02  0.9846E+01
   7.880  0.2544E-04  0.9846E+01
   7.890  0.3114E-02  0.9846E+01
   7.900  0.1529E+00  0.9848E+01
   7.910  0.1023E+01  0.9858E+01
   7.920  0.1176E+01  0.9870E+01
   7.930  0.1588E+01  0.9886E+01
   7.940  0.1928E+01  0.9905E+01
   7.950  0.6783E+00  0.9912E+01
   7.960  0.4760E-01  0.9912E+01
   7.970  0.1803E+00  0.9914E+01
   7.980  0.1066E+01  0.9925E+01
   7.990  0.9010E+00  0.9934E+01
   8.000  0.7366E+00  0.9941E+01
   8.010  0.1205E+01  0.9953E+01
   8.020  0.6231E+00  0.9959E+01
   8.030  0.2198E+01  0.9981E+01
   8.040  0.3294E+01  0.1001E+02
   8.050  0.2095E+01  0.1004E+02
   8.060  0.8145E+00  0.1004E+02
   8.070  0.6906E-01  0.1004E+02
   8.080  0.8397E-03  0.1004E+02
   8.090  0.2292E-03  0.1004E+02
   8.100  0.3009E-01  0.1004E+02
   8.110  0.5851E+00  0.1005E+02
   8.120  0.2293E+01  0.1007E+02
   8.130  0.2826E+01  0.1010E+02
   8.140  0.8207E+00  0.1011E+02
   8.150  0.3843E-01  0.1011E+02
   8.160  0.2258E-01  0.1011E+02
   8.170  0.4522E+00  0.1011E+02
   8.180  0.1244E+01  0.1013E+02
   8.190  0.6406E+00  0.1013E+02
   8.200  0.1348E+01  0.1015E+02
   8.210  0.2757E+01  0.1017E+02
   8.220  0.2338E+01  0.1020E+02
   8.230  0.1491E+01  0.1021E+02
   8.240  0.6800E+00  0.1022E+02
   8.250  0.5913E+00  0.1023E+02
   8.260  0.1557E+01  0.1024E+02
   8.270  0.1828E+01  0.1026E+02
   8.280  0.2063E+01  0.1028E+02
   8.290  0.3445E+01  0.1031E+02
   8.300  0.7713E+01  0.1039E+02
   8.310  0.6815E+01  0.1046E+02
   8.320  0.6306E+01  0.1052E+02
   8.330  0.8637E+01  0.1061E+02
   8.340  0.2674E+01  0.1064E+02
   8.350  0.1423E+00  0.1064E+02
   8.360  0.1711E-01  0.1064E+02
   8.370  0.5280E+00  0.1064E+02
   8.380  0.2493E+01  0.1067E+02
   8.390  0.2696E+01  0.1069E+02
   8.400  0.3521E+01  0.1073E+02
   8.410  0.3333E+01  0.1076E+02
   8.420  0.7137E+00  0.1077E+02
   8.430  0.9729E+00  0.1078E+02
   8.440  0.1008E+01  0.1079E+02
   8.450  0.7133E+00  0.1080E+02
   8.460  0.1907E+01  0.1082E+02
   8.470  0.3496E+01  0.1085E+02
   8.480  0.2433E+01  0.1088E+02
   8.490  0.3360E+00  0.1088E+02
   8.500  0.1983E-01  0.1088E+02
   8.510  0.4936E+00  0.1088E+02
   8.520  0.2978E+01  0.1091E+02
   8.530  0.2715E+01  0.1094E+02
   8.540  0.3857E+00  0.1094E+02
   8.550  0.1361E-01  0.1095E+02
   8.560  0.2087E+00  0.1095E+02
   8.570  0.1373E+01  0.1096E+02
   8.580  0.2762E+01  0.1099E+02
   8.590  0.1987E+01  0.1101E+02
   8.600  0.2530E+00  0.1101E+02
   8.610  0.2142E-01  0.1101E+02
   8.620  0.5418E+00  0.1102E+02
   8.630  0.2349E+01  0.1104E+02
   8.640  0.1389E+01  0.1105E+02
   8.650  0.4777E+00  0.1106E+02
   8.660  0.2226E+01  0.1108E+02
   8.670  0.5219E+01  0.1113E+02
   8.680  0.5767E+01  0.1119E+02
   8.690  0.2264E+01  0.1121E+02
   8.700  0.1884E+01  0.1123E+02
   8.710  0.2751E+01  0.1126E+02
   8.720  0.1380E+01  0.1127E+02
   8.730  0.1069E+00  0.1127E+02
   8.740  0.1269E-02  0.1127E+02
   8.750  0.2108E-01  0.1127E+02
   8.760  0.4394E+00  0.1128E+02
   8.770  0.1240E+01  0.1129E+02
   8.780  0.5128E+00  0.1130E+02
   8.790  0.8151E+00  0.1131E+02
   8.800  0.2384E+01  0.1133E+02
   8.810  0.1103E+01  0.1134E+02
   8.820  0.8525E-01  0.1134E+02
   8.830  0.3509E+00  0.1134E+02
   8.840  0.2251E+01  0.1137E+02
   8.850  0.3519E+01  0.1140E+02
   8.860  0.3690E+01  0.1144E+02
   8.870  0.1118E+01  0.1145E+02
   8.880  0.2596E+00  0.1145E+02
   8.890  0.1209E+01  0.1146E+02
   8.900  0.1748E+01  0.1148E+02
   8.910  0.1630E+01  0.1150E+02
   8.920  0.2699E+01  0.1153E+02
   8.930  0.2596E+01  0.1155E+02
   8.940  0.8397E+00  0.1156E+02
   8.950  0.1043E+00  0.1156E+02
   8.960  0.8972E+00  0.1157E+02
   8.970  0.2480E+01  0.1159E+02
   8.980  0.9556E+00  0.1160E+02
   8.990  0.6634E+00  0.1161E+02
   9.000  0.2671E+01  0.1164E+02
   9.010  0.2793E+01  0.1167E+02
   9.020  0.1475E+01  0.1168E+02
   9.030  0.1903E+01  0.1170E+02
   9.040  0.1344E+01  0.1171E+02
   9.050  0.1480E+01  0.1173E+02
   9.060  0.4882E+01  0.1178E+02
   9.070  0.4761E+01  0.1182E+02
   9.080  0.3809E+01  0.1186E+02
   9.090  0.2387E+01  0.1189E+02
   9.100  0.8408E+00  0.1189E+02
   9.110  0.3114E+01  0.1193E+02
   9.120  0.6729E+01  0.1199E+02
   9.130  0.6109E+01  0.1205E+02
   9.140  0.3148E+01  0.1209E+02
   9.150  0.2116E+01  0.1211E+02
   9.160  0.4356E+01  0.1215E+02
   9.170  0.4184E+01  0.1219E+02
   9.180  0.3066E+01  0.1222E+02
   9.190  0.1818E+01  0.1224E+02
   9.200  0.1574E+01  0.1226E+02
   9.210  0.4584E+01  0.1230E+02
   9.220  0.3371E+01  0.1234E+02
   9.230  0.3326E+01  0.1237E+02
   9.240  0.3790E+01  0.1241E+02
   9.250  0.4004E+01  0.1245E+02
   9.260  0.7889E+01  0.1253E+02
   9.270  0.8661E+01  0.1261E+02
   9.280  0.5503E+01  0.1267E+02
   9.290  0.1319E+01  0.1268E+02
   9.300  0.5201E+00  0.1269E+02
   9.310  0.2029E+01  0.1271E+02
   9.320  0.1658E+01  0.1272E+02
   9.330  0.5885E+00  0.1273E+02
   9.340  0.1465E+01  0.1274E+02
   9.350  0.1909E+01  0.1276E+02
   9.360  0.2102E+01  0.1278E+02
   9.370  0.2114E+01  0.1280E+02
   9.380  0.7888E+00  0.1281E+02
   9.390  0.5632E-01  0.1281E+02
   9.400  0.2543E-02  0.1281E+02
   9.410  0.1155E+00  0.1281E+02
   9.420  0.9257E+00  0.1282E+02
   9.430  0.1005E+01  0.1283E+02
   9.440  0.2137E+00  0.1284E+02
   9.450  0.8815E+00  0.1284E+02
   9.460  0.2146E+01  0.1287E+02
   9.470  0.1177E+01  0.1288E+02
   9.480  0.2023E+00  0.1288E+02
   9.490  0.8032E+00  0.1289E+02
   9.500  0.1421E+01  0.1290E+02
   9.510  0.2683E+01  0.1293E+02
   9.520  0.4219E+01  0.1297E+02
   9.530  0.4396E+01  0.1302E+02
   9.540  0.1825E+01  0.1303E+02
   9.550  0.1325E+01  0.1305E+02
   9.560  0.2124E+01  0.1307E+02
   9.570  0.8448E+00  0.1308E+02
   9.580  0.6201E-01  0.1308E+02
   9.590  0.6792E-03  0.1308E+02
   9.600  0.1031E-05  0.1308E+02
   9.610  0.2128E-09  0.1308E+02
   9.620  0.1149E-09  0.1308E+02
   9.630  0.6324E-06  0.1308E+02
   9.640  0.4709E-03  0.1308E+02
   9.650  0.4745E-01  0.1308E+02
   9.660  0.6471E+00  0.1308E+02
   9.670  0.1195E+01  0.1310E+02
   9.680  0.3470E+00  0.1310E+02
   9.690  0.9032E+00  0.1311E+02
   9.700  0.2426E+01  0.1313E+02
   9.710  0.1218E+01  0.1314E+02
   9.720  0.1249E+01  0.1316E+02
   9.730  0.1358E+01  0.1317E+02
   9.740  0.1318E+01  0.1318E+02
   9.750  0.1260E+01  0.1320E+02
   9.760  0.2491E+01  0.1322E+02
   9.770  0.8826E+00  0.1323E+02
   9.780  0.4253E-01  0.1323E+02
   9.790  0.4550E-02  0.1323E+02
   9.800  0.1840E+00  0.1323E+02
   9.810  0.1075E+01  0.1324E+02
   9.820  0.9871E+00  0.1325E+02
   9.830  0.1084E+01  0.1326E+02
   9.840  0.1139E+01  0.1328E+02
   9.850  0.1871E+01  0.1329E+02
   9.860  0.2098E+01  0.1332E+02
   9.870  0.3534E+00  0.1332E+02
   9.880  0.3567E+00  0.1332E+02
   9.890  0.1221E+01  0.1333E+02
   9.900  0.5773E+00  0.1334E+02
   9.910  0.3695E-01  0.1334E+02
   9.920  0.5161E-03  0.1334E+02
   9.930  0.2676E-01  0.1334E+02
   9.940  0.4948E+00  0.1335E+02
   9.950  0.1238E+01  0.1336E+02
   9.960  0.4191E+00  0.1336E+02
   9.970  0.1921E-01  0.1336E+02
   9.980  0.1409E-03  0.1336E+02
   9.990  0.7375E-02  0.1336E+02
  10.000  0.3377E+00  0.1337E+02
  10.010  0.2093E+01  0.1339E+02
  10.020  0.1755E+01  0.1340E+02
  10.030  0.1992E+00  0.1341E+02
  10.040  0.3073E-02  0.1341E+02
  10.050  0.4123E-02  0.1341E+02
  10.060  0.1800E+00  0.1341E+02
  10.070  0.1066E+01  0.1342E+02
  10.080  0.8621E+00  0.1343E+02
  10.090  0.3604E+00  0.1343E+02
  10.100  0.1173E+01  0.1344E+02
  10.110  0.6937E+00  0.1345E+02
  10.120  0.5558E-01  0.1345E+02
  10.130  0.6026E-03  0.1345E+02
  10.140  0.1371E-04  0.1345E+02
  10.150  0.4137E-02  0.1345E+02
  10.160  0.1806E+00  0.1345E+02
  10.170  0.1067E+01  0.1346E+02
  10.180  0.8527E+00  0.1347E+02
  10.190  0.9226E-01  0.1347E+02
  10.200  0.1351E-02  0.1347E+02
  10.210  0.2677E-05  0.1347E+02
  10.220  0.7180E-09  0.1347E+02
  10.230  0.1879E-08  0.1347E+02
  10.240  0.7021E-05  0.1347E+02
  10.250  0.3592E-02  0.1347E+02
  10.260  0.2525E+00  0.1348E+02
  10.270  0.2445E+01  0.1350E+02
  10.280  0.3271E+01  0.1353E+02
  10.290  0.6263E+00  0.1354E+02
  10.300  0.4464E+00  0.1354E+02
  10.310  0.1343E+01  0.1356E+02
  10.320  0.1375E+01  0.1357E+02
  10.330  0.1063E+01  0.1358E+02
  10.340  0.3051E+00  0.1358E+02
  10.350  0.9967E+00  0.1359E+02
  10.360  0.9376E+00  0.1360E+02
  10.370  0.1558E+00  0.1360E+02
  10.380  0.7631E+00  0.1361E+02
  10.390  0.2664E+01  0.1364E+02
  10.400  0.2488E+01  0.1366E+02
  10.410  0.1750E+01  0.1368E+02
  10.420  0.9743E+00  0.1369E+02
  10.430  0.1154E+00  0.1369E+02
  10.440  0.1933E-02  0.1369E+02
  10.450  0.4400E-05  0.1369E+02
  10.460  0.1356E-08  0.1369E+02
  10.470  0.5654E-13  0.1369E+02
  10.480  0.3891E-17  0.1369E+02
  10.490  0.4854E-12  0.1369E+02
  10.500  0.8939E-08  0.1369E+02
  10.510  0.2236E-04  0.1369E+02
  10.520  0.7675E-02  0.1369E+02
  10.530  0.3730E+00  0.1370E+02
  10.540  0.2833E+01  0.1372E+02
  10.550  0.4149E+01  0.1377E+02
  10.560  0.1345E+01  0.1378E+02
  10.570  0.8322E-01  0.1378E+02
  10.580  0.3676E-02  0.1378E+02
  10.590  0.1454E+00  0.1378E+02
  10.600  0.9998E+00  0.1379E+02
  10.610  0.9303E+00  0.1380E+02
  10.620  0.1171E+00  0.1380E+02
  10.630  0.1996E-02  0.1380E+02
  10.640  0.4604E-05  0.1380E+02
  10.650  0.1437E-08  0.1380E+02
  10.660  0.6687E-13  0.1380E+02
  10.670  0.2188E-09  0.1380E+02
  10.680  0.1052E-05  0.1380E+02
  10.690  0.6843E-03  0.1380E+02
  10.700  0.6026E-01  0.1380E+02
  10.710  0.7182E+00  0.1381E+02
  10.720  0.1158E+01  0.1382E+02
  10.730  0.2528E+00  0.1382E+02
  10.740  0.7469E-02  0.1382E+02
  10.750  0.2986E-04  0.1382E+02
  10.760  0.1636E-07  0.1382E+02
  10.770  0.9926E-06  0.1382E+02
  10.780  0.6575E-03  0.1382E+02
  10.790  0.5985E-01  0.1382E+02
  10.800  0.8205E+00  0.1383E+02
  10.810  0.2547E+01  0.1386E+02
  10.820  0.2603E+01  0.1388E+02
  10.830  0.5456E+00  0.1389E+02
  10.840  0.1672E-01  0.1389E+02
  10.850  0.7013E-04  0.1389E+02
  10.860  0.1234E-05  0.1389E+02
  10.870  0.7512E-03  0.1389E+02
  10.880  0.6393E-01  0.1389E+02
  10.890  0.7363E+00  0.1390E+02
  10.900  0.1148E+01  0.1391E+02
  10.910  0.2421E+00  0.1391E+02
  10.920  0.6912E-02  0.1391E+02
  10.930  0.2671E-04  0.1391E+02
  10.940  0.1397E-07  0.1391E+02
  10.950  0.1542E-10  0.1391E+02
  10.960  0.1387E-06  0.1391E+02
  10.970  0.1805E-03  0.1391E+02
  10.980  0.3183E-01  0.1391E+02
  10.990  0.7603E+00  0.1392E+02
  11.000  0.2460E+01  0.1394E+02
  11.010  0.1079E+01  0.1396E+02
  11.020  0.6406E-01  0.1396E+02
  11.030  0.5155E-03  0.1396E+02
  11.040  0.5625E-06  0.1396E+02
  11.050  0.2266E-05  0.1396E+02
  11.060  0.1203E-02  0.1396E+02
  11.070  0.8875E-01  0.1396E+02
  11.080  0.1032E+01  0.1397E+02
  11.090  0.2854E+01  0.1400E+02
  11.100  0.2274E+01  0.1402E+02
  11.110  0.3360E+00  0.1402E+02
  11.120  0.7155E-02  0.1402E+02
  11.130  0.2083E-04  0.1402E+02
  11.140  0.1151E-07  0.1402E+02
  11.150  0.8761E-05  0.1402E+02
  11.160  0.3159E-02  0.1402E+02
  11.170  0.1542E+00  0.1402E+02
  11.180  0.1018E+01  0.1403E+02
  11.190  0.9101E+00  0.1404E+02
  11.200  0.1101E+00  0.1404E+02
  11.210  0.1802E-02  0.1404E+02
  11.220  0.3993E-05  0.1404E+02
  11.230  0.1200E-08  0.1404E+02
  11.240  0.3152E-07  0.1404E+02
  11.250  0.4973E-04  0.1404E+02
  11.260  0.1062E-01  0.1404E+02
  11.270  0.3068E+00  0.1405E+02
  11.280  0.1200E+01  0.1406E+02
  11.290  0.6349E+00  0.1407E+02
  11.300  0.4547E-01  0.1407E+02
  11.310  0.4407E-03  0.1407E+02
  11.320  0.8085E-06  0.1407E+02
  11.330  0.2227E-03  0.1407E+02
  11.340  0.2912E-01  0.1407E+02
  11.350  0.5165E+00  0.1407E+02
  11.360  0.1331E+01  0.1408E+02
  11.370  0.1702E+01  0.1410E+02
  11.380  0.2403E+01  0.1413E+02
  11.390  0.5918E+00  0.1413E+02
  11.400  0.1986E-01  0.1413E+02
  11.410  0.9029E-04  0.1413E+02
  11.420  0.9305E-04  0.1413E+02
  11.430  0.1626E-01  0.1413E+02
  11.440  0.3847E+00  0.1414E+02
  11.450  0.1232E+01  0.1415E+02
  11.460  0.5437E+00  0.1415E+02
  11.470  0.3279E+00  0.1416E+02
  11.480  0.1193E+01  0.1417E+02
  11.490  0.6497E+00  0.1418E+02
  11.500  0.4885E-01  0.1418E+02
  11.510  0.7572E-01  0.1418E+02
  11.520  0.7873E+00  0.1418E+02
  11.530  0.1115E+01  0.1420E+02
  11.540  0.2137E+00  0.1420E+02
  11.550  0.5542E-02  0.1420E+02
  11.560  0.1945E-04  0.1420E+02
  11.570  0.9240E-08  0.1420E+02
  11.580  0.5940E-12  0.1420E+02
  11.590  0.5168E-17  0.1420E+02
  11.600  0.5201E-17  0.1420E+02
  11.610  0.6660E-12  0.1420E+02
  11.620  0.1154E-07  0.1420E+02
  11.630  0.2707E-04  0.1420E+02
  11.640  0.8594E-02  0.1420E+02
  11.650  0.3692E+00  0.1420E+02
  11.660  0.2148E+01  0.1422E+02
  11.670  0.1838E+01  0.1424E+02
  11.680  0.1712E+01  0.1426E+02
  11.690  0.2236E+01  0.1428E+02
  11.700  0.4641E+00  0.1429E+02
  11.710  0.1368E-01  0.1429E+02
  11.720  0.5680E-04  0.1429E+02
  11.730  0.3292E-07  0.1429E+02
  11.740  0.2641E-11  0.1429E+02
  11.750  0.2913E-16  0.1429E+02
  11.760  0.4395E-22  0.1429E+02
  11.770  0.4727E-24  0.1429E+02
  11.780  0.5667E-18  0.1429E+02
  11.790  0.9194E-13  0.1429E+02
  11.800  0.2019E-08  0.1429E+02
  11.810  0.5999E-05  0.1429E+02
  11.820  0.2413E-02  0.1429E+02
  11.830  0.1313E+00  0.1429E+02
  11.840  0.9672E+00  0.1430E+02
  11.850  0.9642E+00  0.1431E+02
  11.860  0.1301E+00  0.1431E+02
  11.870  0.1223E-01  0.1431E+02
  11.880  0.3874E+00  0.1431E+02
  11.890  0.2142E+01  0.1433E+02
  11.900  0.1670E+01  0.1435E+02
  11.910  0.1836E+00  0.1435E+02
  11.920  0.2890E-02  0.1435E+02
  11.930  0.1405E-01  0.1435E+02
  11.940  0.4886E+00  0.1436E+02
  11.950  0.2300E+01  0.1438E+02
  11.960  0.1465E+01  0.1439E+02
  11.970  0.1266E+00  0.1440E+02
  11.980  0.3533E-01  0.1440E+02
  11.990  0.5541E+00  0.1440E+02
  12.000  0.1227E+01  0.1441E+02
  12.010  0.3678E+00  0.1442E+02
  12.020  0.1492E-01  0.1442E+02
  12.030  0.8189E-04  0.1442E+02
  12.040  0.6084E-07  0.1442E+02
  12.050  0.7756E-11  0.1442E+02
  12.060  0.2103E-07  0.1442E+02
  12.070  0.3653E-04  0.1442E+02
  12.080  0.8588E-02  0.1442E+02
  12.090  0.2732E+00  0.1442E+02
  12.100  0.1176E+01  0.1443E+02
  12.110  0.6853E+00  0.1444E+02
  12.120  0.5410E-01  0.1444E+02
  12.130  0.1374E-01  0.1444E+02
  12.140  0.3443E+00  0.1444E+02
  12.150  0.1219E+01  0.1446E+02
  12.160  0.5837E+00  0.1446E+02
  12.170  0.3784E-01  0.1446E+02
  12.180  0.3321E-03  0.1446E+02
  12.190  0.3943E-06  0.1446E+02
  12.200  0.6021E-08  0.1446E+02
  12.210  0.1623E-04  0.1446E+02
  12.220  0.5984E-02  0.1446E+02
  12.230  0.2986E+00  0.1446E+02
  12.240  0.2016E+01  0.1448E+02
  12.250  0.1843E+01  0.1450E+02
  12.260  0.2279E+00  0.1451E+02
  12.270  0.3839E-02  0.1451E+02
  12.280  0.6562E-02  0.1451E+02
  12.290  0.2381E+00  0.1451E+02
  12.300  0.1301E+01  0.1452E+02
  12.310  0.1839E+01  0.1454E+02
  12.320  0.1682E+01  0.1456E+02
  12.330  0.1265E+01  0.1457E+02
  12.340  0.2545E+00  0.1457E+02
  12.350  0.7473E-02  0.1457E+02
  12.360  0.2986E-04  0.1457E+02
  12.370  0.1616E-07  0.1457E+02
  12.380  0.1183E-11  0.1457E+02
  12.390  0.1366E-16  0.1457E+02
  12.400  0.2592E-12  0.1457E+02
  12.410  0.4705E-08  0.1457E+02
  12.420  0.1156E-04  0.1457E+02
  12.430  0.3845E-02  0.1457E+02
  12.440  0.1730E+00  0.1457E+02
  12.450  0.1054E+01  0.1458E+02
  12.460  0.8686E+00  0.1459E+02
  12.470  0.9689E-01  0.1459E+02
  12.480  0.1463E-02  0.1459E+02
  12.490  0.3426E-05  0.1459E+02
  12.500  0.3593E-03  0.1459E+02
  12.510  0.4037E-01  0.1459E+02
  12.520  0.6662E+00  0.1460E+02
  12.530  0.2330E+01  0.1462E+02
  12.540  0.2786E+01  0.1465E+02
  12.550  0.7417E+00  0.1466E+02
  12.560  0.2941E-01  0.1466E+02
  12.570  0.1706E-03  0.1466E+02
  12.580  0.3638E-02  0.1466E+02
  12.590  0.1675E+00  0.1466E+02
  12.600  0.1044E+01  0.1467E+02
  12.610  0.8804E+00  0.1468E+02
  12.620  0.1005E+00  0.1468E+02
  12.630  0.1552E-02  0.1468E+02
  12.640  0.3245E-05  0.1468E+02
  12.650  0.9180E-09  0.1468E+02
  12.660  0.3515E-13  0.1468E+02
  12.670  0.1881E-18  0.1468E+02
  12.680  0.1911E-14  0.1468E+02
  12.690  0.8319E-10  0.1468E+02
  12.700  0.4913E-06  0.1468E+02
  12.710  0.3962E-03  0.1468E+02
  12.720  0.4468E-01  0.1468E+02
  12.730  0.7650E+00  0.1469E+02
  12.740  0.2554E+01  0.1471E+02
  12.750  0.2495E+01  0.1474E+02
  12.760  0.6965E+00  0.1475E+02
  12.770  0.3704E-01  0.1475E+02
  12.780  0.2973E-03  0.1475E+02
  12.790  0.3356E-06  0.1475E+02
  12.800  0.7457E-05  0.1475E+02
  12.810  0.3431E-02  0.1475E+02
  12.820  0.2137E+00  0.1475E+02
  12.830  0.1801E+01  0.1477E+02
  12.840  0.2054E+01  0.1479E+02
  12.850  0.3170E+00  0.1479E+02
  12.860  0.6823E-02  0.1479E+02
  12.870  0.2719E-01  0.1479E+02
  12.880  0.4985E+00  0.1480E+02
  12.890  0.1237E+01  0.1481E+02
  12.900  0.4157E+00  0.1481E+02
  12.910  0.1890E-01  0.1481E+02
  12.920  0.1163E-03  0.1481E+02
  12.930  0.2534E-04  0.1481E+02
  12.940  0.6647E-02  0.1481E+02
  12.950  0.2368E+00  0.1482E+02
  12.960  0.1142E+01  0.1483E+02
  12.970  0.7454E+00  0.1483E+02
  12.980  0.6670E-01  0.1484E+02
  12.990  0.7040E-01  0.1484E+02
  13.000  0.7628E+00  0.1484E+02
  13.010  0.1131E+01  0.1485E+02
  13.020  0.2359E+00  0.1486E+02
  13.030  0.2840E+00  0.1486E+02
  13.040  0.1180E+01  0.1487E+02
  13.050  0.6807E+00  0.1488E+02
  13.060  0.1936E+00  0.1488E+02
  13.070  0.9902E+00  0.1489E+02
  13.080  0.9441E+00  0.1490E+02
  13.090  0.2695E+00  0.1490E+02
  13.100  0.1008E+01  0.1491E+02
  13.110  0.9296E+00  0.1492E+02
  13.120  0.4225E+00  0.1493E+02
  13.130  0.2037E+01  0.1495E+02
  13.140  0.1821E+01  0.1496E+02
  13.150  0.2206E+00  0.1497E+02
  13.160  0.1228E-01  0.1497E+02
  13.170  0.2746E+00  0.1497E+02
  13.180  0.1177E+01  0.1498E+02
  13.190  0.6831E+00  0.1499E+02
  13.200  0.5363E-01  0.1499E+02
  13.210  0.5700E-03  0.1499E+02
  13.220  0.8197E-06  0.1499E+02
  13.230  0.1595E-09  0.1499E+02
  13.240  0.4203E-14  0.1499E+02
  13.250  0.1498E-19  0.1499E+02
  13.260  0.7290E-26  0.1499E+02
  13.270  0.2334E-21  0.1499E+02
  13.280  0.1194E-15  0.1499E+02
  13.290  0.8272E-11  0.1499E+02
  13.300  0.7753E-07  0.1499E+02
  13.310  0.9835E-04  0.1499E+02
  13.320  0.1688E-01  0.1499E+02
  13.330  0.3923E+00  0.1499E+02
  13.340  0.1233E+01  0.1501E+02
  13.350  0.5251E+00  0.1501E+02
  13.360  0.6211E-01  0.1501E+02
  13.370  0.5388E+00  0.1502E+02
  13.380  0.1241E+01  0.1503E+02
  13.390  0.6900E+00  0.1504E+02
  13.400  0.1217E+01  0.1505E+02
  13.410  0.6368E+00  0.1505E+02
  13.420  0.3689E+00  0.1506E+02
  13.430  0.2787E+01  0.1509E+02
  13.440  0.4103E+01  0.1513E+02
  13.450  0.1592E+01  0.1514E+02
  13.460  0.1129E+01  0.1515E+02
  13.470  0.9329E+00  0.1516E+02
  13.480  0.2608E+00  0.1517E+02
  13.490  0.1000E+01  0.1518E+02
  13.500  0.9859E+00  0.1519E+02
  13.510  0.8524E+00  0.1519E+02
  13.520  0.1881E+01  0.1521E+02
  13.530  0.1510E+01  0.1523E+02
  13.540  0.1004E+01  0.1524E+02
  13.550  0.1160E+01  0.1525E+02
  13.560  0.2912E+00  0.1525E+02
  13.570  0.6431E+00  0.1526E+02
  13.580  0.1199E+01  0.1527E+02
  13.590  0.3060E+00  0.1527E+02
  13.600  0.1057E-01  0.1527E+02
  13.610  0.7532E-04  0.1527E+02
  13.620  0.6773E-02  0.1527E+02
  13.630  0.2394E+00  0.1528E+02
  13.640  0.1145E+01  0.1529E+02
  13.650  0.7410E+00  0.1530E+02
  13.660  0.6492E-01  0.1530E+02
  13.670  0.7696E-03  0.1530E+02
  13.680  0.1235E-05  0.1530E+02
  13.690  0.1089E-08  0.1530E+02
  13.700  0.3453E-05  0.1530E+02
  13.710  0.1965E-02  0.1530E+02
  13.720  0.1514E+00  0.1530E+02
  13.730  0.1579E+01  0.1531E+02
  13.740  0.2227E+01  0.1534E+02
  13.750  0.4253E+00  0.1534E+02
  13.760  0.1099E-01  0.1534E+02
  13.770  0.3844E-04  0.1534E+02
  13.780  0.1819E-07  0.1534E+02
  13.790  0.1165E-11  0.1534E+02
  13.800  0.1010E-16  0.1534E+02
  13.810  0.1185E-22  0.1534E+02
  13.820  0.1882E-29  0.1534E+02
  13.830  0.3463E-29  0.1534E+02
  13.840  0.1864E-22  0.1534E+02
  13.850  0.1357E-16  0.1534E+02
  13.860  0.1338E-11  0.1534E+02
  13.870  0.1785E-07  0.1534E+02
  13.880  0.3223E-04  0.1534E+02
  13.890  0.7874E-02  0.1534E+02
  13.900  0.2604E+00  0.1534E+02
  13.910  0.1165E+01  0.1535E+02
  13.920  0.7069E+00  0.1536E+02
  13.930  0.1427E+00  0.1536E+02
  13.940  0.8264E+00  0.1537E+02
  13.950  0.1087E+01  0.1538E+02
  13.960  0.1938E+00  0.1538E+02
  13.970  0.4674E-02  0.1538E+02
  13.980  0.1526E-04  0.1538E+02
  13.990  0.6839E-08  0.1538E+02
  14.000  0.6469E-06  0.1538E+02
  14.010  0.5733E-03  0.1538E+02
  14.020  0.6876E-01  0.1539E+02
  14.030  0.1116E+01  0.1540E+02
  14.040  0.2452E+01  0.1542E+02
  14.050  0.7290E+00  0.1543E+02
  14.060  0.2933E-01  0.1543E+02
  14.070  0.1597E-03  0.1543E+02
  14.080  0.1177E-06  0.1543E+02
  14.090  0.1174E-10  0.1543E+02
  14.100  0.5292E-12  0.1543E+02
  14.110  0.8410E-08  0.1543E+02
  14.120  0.1809E-04  0.1543E+02
  14.130  0.5268E-02  0.1543E+02
  14.140  0.2076E+00  0.1543E+02
  14.150  0.1107E+01  0.1544E+02
  14.160  0.7989E+00  0.1545E+02
  14.170  0.7803E-01  0.1545E+02
  14.180  0.1031E-02  0.1545E+02
  14.190  0.1845E-05  0.1545E+02
  14.200  0.5387E-09  0.1545E+02
  14.210  0.5303E-06  0.1545E+02
  14.220  0.4135E-03  0.1545E+02
  14.230  0.4363E-01  0.1545E+02
  14.240  0.6232E+00  0.1546E+02
  14.250  0.1204E+01  0.1547E+02
  14.260  0.3151E+00  0.1547E+02
  14.270  0.1115E-01  0.1547E+02
  14.280  0.5343E-04  0.1547E+02
  14.290  0.3467E-07  0.1547E+02
  14.300  0.2332E-06  0.1547E+02
  14.310  0.2675E-03  0.1547E+02
  14.320  0.4151E-01  0.1547E+02
  14.330  0.8720E+00  0.1548E+02
  14.340  0.2479E+01  0.1551E+02
  14.350  0.9536E+00  0.1552E+02
  14.360  0.4970E-01  0.1552E+02
  14.370  0.1075E-01  0.1552E+02
  14.380  0.3034E+00  0.1552E+02
  14.390  0.1198E+01  0.1553E+02
  14.400  0.6397E+00  0.1554E+02
  14.410  0.4625E-01  0.1554E+02
  14.420  0.4525E-03  0.1554E+02
  14.430  0.5992E-06  0.1554E+02
  14.440  0.1074E-09  0.1554E+02
  14.450  0.2604E-14  0.1554E+02
  14.460  0.8547E-20  0.1554E+02
  14.470  0.2230E-23  0.1554E+02
  14.480  0.2167E-17  0.1554E+02
  14.490  0.2856E-12  0.1554E+02
  14.500  0.5093E-08  0.1554E+02
  14.510  0.1229E-04  0.1554E+02
  14.520  0.4014E-02  0.1554E+02
  14.530  0.1774E+00  0.1554E+02
  14.540  0.1061E+01  0.1555E+02
  14.550  0.8593E+00  0.1556E+02
  14.560  0.9414E-01  0.1556E+02
  14.570  0.1396E-02  0.1556E+02
  14.580  0.2804E-05  0.1556E+02
  14.590  0.8026E-05  0.1556E+02
  14.600  0.2970E-02  0.1556E+02
  14.610  0.1496E+00  0.1556E+02
  14.620  0.1104E+01  0.1557E+02
  14.630  0.2233E+01  0.1560E+02
  14.640  0.2496E+01  0.1562E+02
  14.650  0.5875E+00  0.1563E+02
  14.660  0.1949E-01  0.1563E+02
  14.670  0.8778E-04  0.1563E+02
  14.680  0.5351E-07  0.1563E+02
  14.690  0.4414E-11  0.1563E+02
  14.700  0.4928E-16  0.1563E+02
  14.710  0.7446E-22  0.1563E+02
  14.720  0.1523E-28  0.1563E+02
  14.730  0.4215E-36  0.1563E+02
  14.740  0.7540E-32  0.1563E+02
  14.750  0.8396E-25  0.1563E+02
  14.760  0.1265E-18  0.1563E+02
  14.770  0.2580E-13  0.1563E+02
  14.780  0.7122E-09  0.1563E+02
  14.790  0.2660E-05  0.1563E+02
  14.800  0.1345E-02  0.1563E+02
  14.810  0.9200E-01  0.1563E+02
  14.820  0.8528E+00  0.1564E+02
  14.830  0.1144E+01  0.1565E+02
  14.840  0.9726E+00  0.1566E+02
  14.850  0.1116E+01  0.1567E+02
  14.860  0.2114E+00  0.1567E+02
  14.870  0.5439E-02  0.1567E+02
  14.880  0.1894E-04  0.1567E+02
  14.890  0.3195E-05  0.1567E+02
  14.900  0.1854E-02  0.1567E+02
  14.910  0.1460E+00  0.1567E+02
  14.920  0.1555E+01  0.1569E+02
  14.930  0.2243E+01  0.1571E+02
  14.940  0.4377E+00  0.1571E+02
  14.950  0.1156E-01  0.1571E+02
  14.960  0.4133E-04  0.1571E+02
  14.970  0.1999E-07  0.1571E+02
  14.980  0.1309E-11  0.1571E+02
  14.990  0.4457E-16  0.1571E+02
  15.000  0.2818E-11  0.1571E+02
  15.010  0.3259E-07  0.1571E+02
  15.020  0.5100E-04  0.1571E+02
  15.030  0.1080E-01  0.1571E+02
  15.040  0.3097E+00  0.1572E+02
  15.050  0.1201E+01  0.1573E+02
  15.060  0.6358E+00  0.1574E+02
  15.070  0.2470E+00  0.1574E+02
  15.080  0.1100E+01  0.1575E+02
  15.090  0.8092E+00  0.1576E+02
  15.100  0.8060E-01  0.1576E+02
  15.110  0.1086E-02  0.1576E+02
  15.120  0.1982E-05  0.1576E+02
  15.130  0.4893E-09  0.1576E+02
  15.140  0.4213E-12  0.1576E+02
  15.150  0.7694E-08  0.1576E+02
  15.160  0.1979E-04  0.1576E+02
  15.170  0.6887E-02  0.1576E+02
  15.180  0.3244E+00  0.1576E+02
  15.190  0.2068E+01  0.1578E+02
  15.200  0.1784E+01  0.1580E+02
  15.210  0.2229E+00  0.1580E+02
  15.220  0.3669E+00  0.1581E+02
  15.230  0.1226E+01  0.1582E+02
  15.240  0.5592E+00  0.1582E+02
  15.250  0.3453E-01  0.1582E+02
  15.260  0.2891E-03  0.1582E+02
  15.270  0.4295E-03  0.1582E+02
  15.280  0.4470E-01  0.1582E+02
  15.290  0.6300E+00  0.1583E+02
  15.300  0.1202E+01  0.1584E+02
  15.310  0.3102E+00  0.1585E+02
  15.320  0.1084E-01  0.1585E+02
  15.330  0.5125E-04  0.1585E+02
  15.340  0.1758E-04  0.1585E+02
  15.350  0.5156E-02  0.1585E+02
  15.360  0.2050E+00  0.1585E+02
  15.370  0.1103E+01  0.1586E+02
  15.380  0.8045E+00  0.1587E+02
  15.390  0.1622E+00  0.1587E+02
  15.400  0.1219E+01  0.1588E+02
  15.410  0.2420E+01  0.1591E+02
  15.420  0.6523E+00  0.1591E+02
  15.430  0.1385E+00  0.1591E+02
  15.440  0.9253E+00  0.1592E+02
  15.450  0.1096E+01  0.1593E+02
  15.460  0.9936E+00  0.1594E+02
  15.470  0.1076E+01  0.1595E+02
  15.480  0.2625E+00  0.1596E+02
  15.490  0.1191E+01  0.1597E+02
  15.500  0.2431E+01  0.1599E+02
  15.510  0.6741E+00  0.1600E+02
  15.520  0.2530E-01  0.1600E+02
  15.530  0.1285E-03  0.1600E+02
  15.540  0.8833E-07  0.1600E+02
  15.550  0.8217E-11  0.1600E+02
  15.560  0.1035E-15  0.1600E+02
  15.570  0.1763E-21  0.1600E+02
  15.580  0.4065E-28  0.1600E+02
  15.590  0.1268E-35  0.1600E+02
  15.600  0.5357E-44  0.1600E+02
  15.610  0.3062E-53  0.1600E+02
  15.620  0.2369E-63  0.1600E+02
  15.630  0.2480E-74  0.1600E+02
  15.640  0.1249E-83  0.1600E+02
  15.650  0.1249E-83  0.1600E+02
  15.660  0.1249E-83  0.1600E+02
  15.670  0.1249E-83  0.1600E+02
  15.680  0.1249E-83  0.1600E+02
  15.690  0.1249E-83  0.1600E+02
  15.700  0.1249E-83  0.1600E+02
  15.710  0.1249E-83  0.1600E+02
  15.720  0.1249E-83  0.1600E+02
  15.730  0.1249E-83  0.1600E+02
  15.740  0.1249E-83  0.1600E+02
  15.750  0.1249E-83  0.1600E+02
  15.760  0.1249E-83  0.1600E+02
  15.770  0.1249E-83  0.1600E+02
  15.780  0.1249E-83  0.1600E+02
  15.790  0.1249E-83  0.1600E+02
  15.800  0.1249E-83  0.1600E+02
  15.810  0.1249E-83  0.1600E+02
  15.820  0.1249E-83  0.1600E+02
  15.830  0.1249E-83  0.1600E+02
  15.840  0.1249E-83  0.1600E+02
  15.850  0.1249E-83  0.1600E+02
  15.860  0.1249E-83  0.1600E+02
  15.870  0.1249E-83  0.1600E+02
  15.880  0.1249E-83  0.1600E+02
  15.890  0.1249E-83  0.1600E+02
  15.900  0.1249E-83  0.1600E+02
  15.910  0.1249E-83  0.1600E+02
  15.920  0.1249E-83  0.1600E+02
  15.930  0.1249E-83  0.1600E+02
  15.940  0.1249E-83  0.1600E+02
  15.950  0.1249E-83  0.1600E+02
  15.960  0.1249E-83  0.1600E+02
  15.970  0.1249E-83  0.1600E+02
  15.980  0.1249E-83  0.1600E+02
  15.990  0.1249E-83  0.1600E+02
  16.000  0.1249E-83  0.1600E+02
